#[m
041020
145330
6525
49878
233088
1 1 1 1 1 1 1 1 1 1 1
1 1 1 1 1 1 1 1 1 1 1
20046 21331 2 250 100 5 1  2  3  4  5
261
0 0 0 0 16384 0 0 45 0 94 65442 
1 0 0 0 16384 0 0 131 0 94 65442 
2 0 0 0 16384 0 0 215 0 94 65442 
3 0 0 0 16384 0 0 294 0 94 65442 
4 0 0 0 16384 0 0 369 0 94 65442 
5 0 0 0 16384 0 0 441 0 94 65442 
6 0 0 0 16384 0 0 509 0 94 65442 
7 0 0 0 16384 0 0 573 0 94 65442 
8 0 0 0 16384 0 0 634 0 94 65442 
9 0 0 0 16384 0 0 691 0 94 65442 
10 0 0 0 16384 0 0 744 0 94 65442 
11 0 0 0 16384 0 0 793 65535 94 65442 
12 0 0 0 16384 0 0 839 65535 94 65442 
13 0 0 0 16384 0 0 880 65535 94 65442 
14 0 0 0 16384 0 0 918 65535 94 65442 
15 0 0 0 16384 0 0 953 65535 94 65442 
16 0 0 0 16384 0 0 983 65535 94 65442 
17 0 0 0 16384 0 0 1010 65535 94 65442 
18 0 0 0 16384 0 0 1033 65535 94 65442 
19 0 0 0 16384 0 0 1052 65534 94 65442 
20 0 0 0 16384 0 0 1576 65534 94 65442 
21 0 0 0 16384 0 0 2591 65534 94 65442 
22 0 0 0 16384 0 0 3578 65534 94 65442 
23 0 0 0 16384 0 0 4540 65533 94 65442 
24 0 0 0 16384 0 0 5475 65533 94 65442 
25 0 0 0 16384 0 0 6384 65532 94 65442 
26 0 0 0 16384 0 0 7267 65531 94 65442 
27 0 0 0 16384 0 0 8123 65530 94 65442 
28 0 0 0 16384 0 0 8953 65529 94 65442 
29 0 0 0 16384 0 0 9756 65528 94 65442 
30 0 0 0 16384 0 0 10533 65527 94 65442 
31 0 0 0 16384 0 0 11284 65526 94 65442 
32 0 0 0 16384 0 0 12008 65524 94 65442 
33 0 0 0 16384 0 0 12706 65523 93 65442 
34 0 0 0 16384 0 0 13378 65521 93 65442 
35 0 0 0 16384 0 0 14023 65520 93 65442 
36 0 0 0 16384 0 0 14643 65518 93 65442 
37 0 0 0 16384 0 0 15235 65516 92 65442 
38 0 0 0 16384 0 0 15802 65514 92 65442 
39 0 0 0 16384 0 0 16342 65512 91 65442 
40 0 0 0 16384 0 0 16855 65510 91 65442 
41 0 0 0 16384 0 0 17343 65508 90 65442 
42 0 0 0 16384 0 0 17804 65506 90 65442 
43 0 0 0 16384 0 0 18238 65504 89 65442 
44 0 0 0 16384 0 0 18646 65502 88 65442 
45 0 0 0 16384 0 0 19028 65500 87 65442 
46 0 0 0 16384 0 0 19384 65498 86 65442 
47 0 0 0 16384 0 0 19713 65495 85 65442 
48 0 0 0 16384 0 0 20016 65493 84 65442 
49 0 0 0 16384 0 0 20293 65491 83 65442 
50 0 0 0 16384 0 0 20543 65489 82 65442 
51 0 0 0 16384 0 0 20767 65486 80 65442 
52 0 0 0 16384 0 0 20964 65484 79 65442 
53 0 0 0 16384 0 0 21135 65482 77 65442 
54 0 0 0 16384 0 0 21280 65480 76 65442 
55 0 0 0 16384 0 0 21399 65478 74 65442 
56 0 0 0 16384 0 0 21491 65476 73 65442 
57 0 0 0 16384 0 0 21557 65474 71 65442 
58 0 0 0 16384 0 0 21596 65472 69 65442 
59 0 0 0 16384 0 0 21609 65470 67 65442 
60 0 0 0 16384 0 0 21596 65468 65 65442 
61 0 0 0 16384 0 0 21556 65466 63 65442 
62 0 0 0 16384 0 0 21490 65464 61 65442 
63 0 0 0 16384 0 0 21398 65462 59 65442 
64 0 0 0 16384 0 0 21279 65461 57 65442 
65 0 0 0 16384 0 0 21134 65459 55 65442 
66 0 0 0 16384 0 0 20963 65458 53 65442 
67 0 0 0 16384 0 0 20765 65456 50 65442 
68 0 0 0 16384 0 0 20541 65455 48 65442 
69 0 0 0 16384 0 0 20291 65454 46 65442 
70 0 0 0 16384 0 0 20014 65452 44 65442 
71 0 0 0 16384 0 0 19711 65451 41 65442 
72 0 0 0 16384 0 0 19382 65450 39 65442 
73 0 0 0 16384 0 0 19026 65449 37 65442 
74 0 0 0 16384 0 0 18644 65448 35 65442 
75 0 0 0 16384 0 0 18236 65447 33 65442 
76 0 0 0 16384 0 0 17801 65447 30 65442 
77 0 0 0 16384 0 0 17340 65446 28 65442 
78 0 0 0 16384 0 0 16852 65445 26 65442 
79 0 0 0 16384 0 0 16338 65445 24 65442 
80 0 0 0 16384 0 0 15798 65444 22 65442 
81 0 0 0 16384 0 0 15232 65444 20 65442 
82 0 0 0 16384 0 0 14639 65443 18 65442 
83 0 0 0 16384 0 0 14020 65443 17 65442 
84 0 0 0 16384 0 0 13374 65443 15 65442 
85 0 0 0 16384 0 0 12702 65443 13 65442 
86 0 0 0 16384 0 0 12004 65442 12 65442 
87 0 0 0 16384 0 0 11279 65442 10 65442 
88 0 0 0 16384 0 0 10528 65442 9 65442 
89 0 0 0 16384 0 0 9751 65442 7 65442 
90 0 0 0 16384 0 0 8947 65442 6 65442 
91 0 0 0 16384 0 0 8117 65442 5 65442 
92 0 0 0 16384 0 0 7261 65442 4 65442 
93 0 0 0 16384 0 0 6378 65442 3 65442 
94 0 0 0 16384 0 0 5469 65442 2 65442 
95 0 0 0 16384 0 0 4534 65442 2 65442 
96 0 0 0 16384 0 0 3572 65442 1 65442 
97 0 0 0 16384 0 0 2584 65442 1 65442 
98 0 0 0 16384 0 0 1570 65442 0 65442 
99 0 0 0 16384 0 0 529 65442 0 65442 
100 0 0 0 16384 0 0 0 65442 0 65442 
101 0 0 0 16384 0 0 0 65442 0 65442 
102 0 0 0 16384 0 0 0 65442 0 65442 
103 0 0 0 16384 0 0 0 65442 0 65442 
104 0 0 0 16384 0 0 0 65442 0 65442 
105 0 0 0 16384 0 0 0 65442 0 65442 
106 0 0 0 16384 0 0 0 65442 0 65442 
107 0 0 0 16384 0 0 0 65442 0 65442 
108 0 0 0 16384 0 0 0 65442 0 65442 
109 0 0 0 16384 0 0 0 65442 0 65442 
110 0 0 0 16384 0 0 0 65442 0 65442 
111 0 0 0 16384 0 0 0 65442 0 65442 
112 0 0 0 16384 0 0 0 65442 0 65442 
113 0 0 0 16384 0 0 0 65442 0 65442 
114 0 0 0 16384 0 0 0 65442 0 65442 
115 0 0 0 16384 0 0 0 65442 0 65442 
116 0 0 0 16384 0 0 0 65442 0 65442 
117 0 0 0 16384 0 0 0 65442 0 65442 
118 0 0 0 16384 0 0 0 65442 0 65442 
119 0 0 63174 16384 0 0 0 65442 0 65442 
120 0 0 61119 16384 0 0 0 65442 0 65442 
121 0 0 61579 16384 0 0 0 65442 0 65442 
122 0 0 62039 16384 0 0 0 65442 0 65442 
123 0 0 62499 16384 0 0 0 65442 0 65442 
124 0 0 62959 16384 0 0 0 65442 0 65442 
125 0 0 63420 16384 0 0 0 65442 0 65442 
126 0 0 63880 16384 0 0 0 65442 0 65442 
127 0 0 64340 16384 0 0 0 65442 0 65442 
128 0 0 64800 16384 0 0 0 65442 0 65442 
129 0 0 49350 16384 0 0 0 65442 0 65442 
130 0 0 33985 16384 0 0 0 65442 0 65442 
131 0 0 34574 16384 0 0 0 65442 0 65442 
132 0 0 35162 16384 0 0 0 65442 0 65442 
133 0 0 35751 16384 0 0 0 65442 0 65442 
134 0 0 36340 16384 0 0 0 65442 0 65442 
135 0 0 36928 16384 0 0 0 65442 0 65442 
136 0 0 37517 16384 0 0 0 65442 0 65442 
137 0 0 38105 16384 0 0 0 65442 0 65442 
138 0 0 38694 16384 0 0 0 65442 0 65442 
139 0 0 39283 16384 0 0 0 65442 0 65442 
140 0 0 39871 16384 0 0 0 65442 0 65442 
141 0 0 40460 16384 0 0 0 65442 0 65442 
142 0 0 41048 16384 0 0 0 65442 0 65442 
143 0 0 41637 16384 0 0 0 65442 0 65442 
144 0 0 42226 16384 0 0 0 65442 0 65442 
145 0 0 42814 16384 0 0 0 65442 0 65442 
146 0 0 43403 16384 0 0 0 65442 0 65442 
147 0 0 43992 16384 0 0 0 65442 0 65442 
148 0 0 44580 16384 0 0 0 65442 0 65442 
149 0 0 45169 16384 0 0 0 65442 0 65442 
150 0 0 45757 16384 0 0 0 65442 0 65442 
151 0 0 46346 16384 0 0 0 65442 0 65442 
152 0 0 46935 16384 0 0 0 65442 0 65442 
153 0 0 47523 16384 0 0 0 65442 0 65442 
154 0 0 48112 16384 0 0 0 65442 0 65442 
155 0 0 48700 16384 0 0 0 65442 0 65442 
156 0 0 49289 16384 0 0 0 65442 0 65442 
157 0 0 49878 16384 0 0 0 65442 0 65442 
158 0 0 50466 16384 0 0 0 65442 0 65442 
159 0 0 51055 16384 0 0 0 65442 0 65442 
160 0 0 51643 16384 0 0 0 65442 0 65442 
161 0 0 52232 16384 0 0 0 65442 0 65442 
162 0 0 52821 16384 0 0 0 65442 0 65442 
163 0 0 53409 16384 0 0 0 65442 0 65442 
164 0 0 53998 16384 0 0 0 65442 0 65442 
165 0 0 54587 16384 0 0 0 65442 0 65442 
166 0 0 55175 16384 0 0 0 65442 0 65442 
167 0 0 55764 16384 0 0 0 65442 0 65442 
168 0 0 56352 16384 0 0 0 65442 0 65442 
169 0 0 56941 16384 0 0 0 65442 0 65442 
170 0 0 57530 16384 0 0 0 65442 0 65442 
171 0 0 58118 16384 0 0 0 65442 0 65442 
172 0 0 58707 16384 0 0 0 65442 0 65442 
173 0 0 59295 16384 0 0 0 65442 0 65442 
174 0 0 59884 16384 0 0 0 65442 0 65442 
175 0 0 60473 16384 0 0 0 65442 0 65442 
176 0 0 61061 16384 0 0 0 65442 0 65442 
177 0 0 61650 16384 0 0 0 65442 0 65442 
178 0 0 62239 16384 0 0 0 65442 0 65442 
179 0 0 62827 16384 0 0 0 65442 0 65442 
180 0 0 63416 16384 0 0 0 65442 0 65442 
181 0 0 64004 16384 0 0 0 65442 0 65442 
182 0 0 64593 16384 0 0 0 65442 0 65442 
183 0 0 65182 16384 0 0 0 65442 0 65442 
184 0 0 234 16384 0 0 0 65442 0 65442 
185 0 0 823 16384 0 0 0 65442 0 65442 
186 0 0 1411 16384 0 0 0 65442 0 65442 
187 0 0 2000 16384 0 0 0 65442 0 65442 
188 0 0 2589 16384 0 0 0 65442 0 65442 
189 0 0 3177 16384 0 0 0 65442 0 65442 
190 0 0 3766 16384 0 0 0 65442 0 65442 
191 0 0 4355 16384 0 0 0 65442 0 65442 
192 0 0 4943 16384 0 0 0 65442 0 65442 
193 0 0 5532 16384 0 0 0 65442 0 65442 
194 0 0 6120 16384 0 0 0 65442 0 65442 
195 0 0 6709 16384 0 0 0 65442 0 65442 
196 0 0 7298 16384 0 0 0 65442 0 65442 
197 0 0 7886 16384 0 0 0 65442 0 65442 
198 0 0 8475 16384 0 0 0 65442 0 65442 
199 0 0 9063 16384 0 0 0 65442 0 65442 
200 0 0 9652 16384 0 0 0 65442 0 65442 
201 0 0 10241 16384 0 0 0 65442 0 65442 
202 0 0 10829 16384 0 0 0 65442 0 65442 
203 0 0 11418 16384 0 0 0 65442 0 65442 
204 0 0 12007 16384 0 0 0 65442 0 65442 
205 0 0 12595 16384 0 0 0 65442 0 65442 
206 0 0 13184 16384 0 0 0 65442 0 65442 
207 0 0 13772 16384 0 0 0 65442 0 65442 
208 0 0 14361 16384 0 0 0 65442 0 65442 
209 0 0 14950 16384 0 0 0 65442 0 65442 
210 0 0 15538 16384 0 0 0 65442 0 65442 
211 0 0 16127 16384 0 0 0 65442 0 65442 
212 0 0 16715 16384 0 0 0 65442 0 65442 
213 0 0 17304 16384 0 0 0 65442 0 65442 
214 0 0 17893 16384 0 0 0 65442 0 65442 
215 0 0 18481 16384 0 0 0 65442 0 65442 
216 0 0 19070 16384 0 0 0 65442 0 65442 
217 0 0 19659 16384 0 0 0 65442 0 65442 
218 0 0 20247 16384 0 0 0 65442 0 65442 
219 0 0 20836 16384 0 0 0 65442 0 65442 
220 0 0 21424 16384 0 0 0 65442 0 65442 
221 0 0 22013 16384 0 0 0 65442 0 65442 
222 0 0 22602 16384 0 0 0 65442 0 65442 
223 0 0 23190 16384 0 0 0 65442 0 65442 
224 0 0 23779 16384 0 0 0 65442 0 65442 
225 0 0 24367 16384 0 0 0 65442 0 65442 
226 0 0 24956 16384 0 0 0 65442 0 65442 
227 0 0 25545 16384 0 0 0 65442 0 65442 
228 0 0 26133 16384 0 0 0 65442 0 65442 
229 0 0 26722 16384 0 0 0 65442 0 65442 
230 0 0 27310 16384 0 0 0 65442 0 65442 
231 0 0 27899 16384 0 0 0 65442 0 65442 
232 0 0 28488 16384 0 0 0 65442 0 65442 
233 0 0 29076 16384 0 0 0 65442 0 65442 
234 0 0 29665 16384 0 0 0 65442 0 65442 
235 0 0 30254 16384 0 0 0 65442 0 65442 
236 0 0 30842 16384 0 0 0 65442 0 65442 
237 0 0 31431 16384 0 0 0 65442 0 65442 
238 0 0 32019 16384 0 0 0 65442 0 65442 
239 0 0 16206 16384 0 0 0 65442 0 65442 
240 0 0 0 16384 0 0 0 65442 0 65442 
241 0 0 0 16384 0 0 0 65442 0 65442 
242 0 0 0 16384 0 0 0 65442 0 65442 
243 0 0 0 16384 0 0 0 65442 0 65442 
244 0 0 0 16384 0 0 0 65442 0 65442 
245 0 0 0 16384 0 0 0 65442 0 65442 
246 0 0 0 16384 0 0 0 65442 0 65442 
247 0 0 0 16384 0 0 0 65442 0 65442 
248 0 0 0 16384 0 0 0 65442 0 65442 
249 0 0 0 16384 0 0 0 65442 0 65442 
250 0 0 0 16384 0 0 0 65442 0 65442 
251 0 0 0 16384 0 0 0 65442 0 65442 
252 0 0 0 16384 0 0 0 65442 0 65442 
253 0 0 0 16384 0 0 0 65442 0 65442 
254 0 0 0 16384 0 0 0 65442 0 65442 
255 0 0 0 16384 0 0 0 65442 0 65442 
256 0 0 0 16384 0 0 0 65442 0 65442 
257 0 0 0 16384 0 0 0 65442 0 65442 
258 0 0 0 16384 0 0 0 65442 0 65442 
259 0 0 0 16384 0 0 0 65442 0 65442 
260 0 0 0 16384 0 0 0 65442 0 65442 
m]#
