-00664
+00604
+16784
-00564
+00632
+16544
-00404
+00664
+16180
-00512
+00648
+16320
-00080
+00832
+12664
-00968
+00296
+18168
-00572
+00060
+19044
-00992
+00692
+17180
-00228
+02632
+17184
+00492
-00212
+27412
-00212
+00228
+17080
+00332
+00540
+17996
+01696
+00596
+17396
+00456
+00756
+18340
+01860
+01748
+17336
+00864
+01956
+17584
+00896
+02316
+19100
+02724
+02584
+19324
+02024
+00956
+19412
+01832
+00240
+18076
+01416
+00756
+16712
+00536
+01640
+15656
+02144
+01444
+18196
+02852
+01416
+19264
+00288
+02056
+16312
-00700
+02272
+17320
+01840
+01660
+19308
+02316
+01320
+18300
-00248
+02224
+15904
-00368
+01932
+15928
+01708
+01336
+18176
+01368
+01336
+16916
+00076
+01772
+15284
-00276
+02272
+15296
+01084
+01056
+16944
-00200
+00384
+16336
-01312
+01732
+15192
-00912
+01112
+16228
-00504
+01192
+15512
-00104
+01076
+16480
-00116
+00532
+16356
-01684
+01664
+14016
+00768
+00324
+16336
+01816
-01168
+16300
-01972
+00464
+12156
-02720
+02100
+11196
-01596
+01304
+14880
+00568
+00872
+17052
+00452
-01356
+18672
-00616
+00420
+14660
-00992
+00648
+14632
-00316
+01536
+15780
-00064
+01700
+16704
+00324
+00508
+17860
+00036
+00128
+17728
-03344
+00764
+15056
-01052
-00676
+17156
+00544
-00560
+17720
+00036
+01216
+17024
+00008
+01116
+18052
+00256
+00620
+18072
-00328
-00052
+17320
-00028
+00520
+16680
-00712
-00164
+16452
-00660
+00072
+15808
-00644
+00252
+16280
-00352
+00264
+16680
+00328
+00908
+17028
-01328
+00472
+16940
-00288
-00508
+17032
-00480
-00172
+16176
-00684
+00632
+15416
-00412
+00256
+16708
-00576
+00644
+16560
-01104
+00448
+16660
-01032
-00176
+17656
-00812
+00168
+16616
-00964
+00120
+16404
-00636
+00164
+16260
-01048
+00144
+16840
-00636
-00108
+17492
-00320
+00236
+16964
-00708
+00168
+16640
-00388
+00188
+16828
-00600
-00100
+17284
-01468
-00836
+16384
-01272
-00536
+15960
-01220
-00552
+16756
-00796
-00560
+17128
+00176
-00636
+17236
-00096
-00280
+16428
-00236
-00024
+16236
-00716
-00672
+16480
-00848
-00536
+16616
-00356
-00524
+17172
-00632
-00020
+17036
+00004
-00016
+17344
-00144
-00480
+17300
-00844
-00220
+16120
-00568
-00280
+16852
+00340
-00112
+17372
-01012
-00500
+16588
-01052
-00096
+16016
-00556
+00420
+16820
-01128
+01172
+17868
-00616
+01940
+17856
-01080
+04276
+18696
-02676
+06860
+21260
-02532
+09288
+21588
-02052
+09380
+19228
-04536
+07348
+18412
-03792
+06384
+17652
-01036
+01592
+17564
+00176
-00528
+15072
+00052
-00096
+14260
-00536
-02684
+16156
+01604
-04888
+15776
+00892
-03456
+12652
-01272
-05032
+15504
+01024
-04320
+17148
+00072
-03284
+15608
+01596
-02372
+16416
+01412
-01620
+17208
-00132
+00064
+17560
+02600
+02084
+21612
+01200
+00820
+19004
-01856
+00748
+14888
-00912
+00372
+17248
-00440
-00464
+14384
-00828
+00980
+14136
-00776
+01320
+16260
+00308
+02148
+16580
+00592
+02280
+18196
+00552
+02132
+18312
+00216
+03176
+17276
-00076
+01612
+17360
+01024
+01352
+16780
+00024
+00632
+13892
-02676
+01256
+13360
-01464
+01628
+16724
+02088
+02168
+18348
+00112
+01964
+17296
-00980
+02320
+15864
-00116
+02504
+17244
+01588
+01420
+18004
+00256
+01380
+16640
-00768
+01848
+16252
+01356
+01792
+17360
+01832
+01848
+17552
-00852
+01792
+16828
-00620
+01548
+16884
+00328
+00336
+15984
-00116
+00536
+16804
+00728
+01328
+17880
+00784
+00760
+17236
+00260
+01048
+17156
-00116
+00416
+17168
+00672
+00564
+16436
+00148
+00472
+16252
-00484
+00732
+16244
+00504
+00940
+17032
+01068
+00996
+17324
-00020
+01028
+16636
-00312
+00924
+16980
+00716
+00284
+16888
-00240
+00164
+15752
-00092
+00872
+16772
+01504
+01544
+18396
+01132
+01216
+17220
-00496
+01264
+16852
+00128
+00860
+17920
+01072
+00976
+16924
-00104
+01352
+16380
+00848
+01148
+17864
+00940
+00904
+16636
-00432
+00676
+15712
+00524
+00772
+17032
+00544
+00792
+17100
-00476
+01060
+17080
+00184
+01332
+17816
+00792
+00744
+17312
+00324
+00736
+16416
-00396
+00616
+16588
-00032
+00352
+16884
+01212
+00452
+16940
+00668
+00656
+16652
-00100
+00404
+16792
+00728
+00568
+17240
+00964
+00540
+17076
-00160
+00692
+16732
-00036
+00560
+16868
+00444
+00392
+17076
+00684
+00332
+16624
+00324
+00616
+16612
+00180
+00232
+16948
+00628
+00484
+16768
+00948
+00776
+16900
-00004
+00448
+16248
+00952
-00076
+16376
+00916
+00108
+16432
-00388
+00040
+16280
-00076
+00524
+17328
+01356
+00760
+18336
+00100
+00616
+17216
+00188
+00800
+17008
+00352
+00416
+17240
+00268
+00172
+16480
-00152
+00508
+16008
+00220
+00568
+16896
+00860
+00196
+17276
+01008
+00584
+16852
-00136
+00696
+16224
+00268
+00332
+17148
+00764
+00596
+16996
+00024
+00460
+16648
-00136
+00332
+16568
+00604
+00256
+16988
+00828
+00116
+17164
-00240
-00220
+16472
+00220
+00144
+17244
+00720
+00176
+17812
+00064
+00008
+16232
+00152
+00152
+16212
+00444
+00400
+17232
+00532
+00492
+17352
-00180
+00488
+16356
+00420
+00620
+17416
+00380
+00044
+16972
-00116
+00464
+16484
+00104
+00416
+17056
+00892
+00616
+16872
+00688
+00700
+16652
-00496
+00512
+16960
+00268
+00028
+16428
+00408
+00600
+16180
-00168
+00212
+16984
+00376
+00288
+16888
+00296
+00192
+17064
-00400
-01204
+16472
-01088
-01720
+15596
+00000
-02512
+15980
-00100
-06944
+15456
+00404
-09732
+15592
+01228
-11536
+15812
+00092
-12644
+15748
-01300
-11792
+14660
-00364
-07720
+16284
+00076
-08364
+15856
-02796
-07192
+14436
-03472
-03060
+14560
-01904
-00100
+16816
-02284
+03204
+16620
-02552
+08268
+21456
-00260
+08076
+22848
-02136
+11208
+21568
-01212
+08656
+22576
+00304
+05260
+19308
+00272
+04380
+16380
-02124
+04696
+17972
-01600
+03732
+19508
-01784
+01900
+17812
+00136
+01268
+17732
+00668
+01520
+16264
-02580
+00468
+13100
-02164
+00620
+16148
-00004
+00292
+19376
-01424
-00256
+17780
-04100
-01064
+16884
-01668
-01060
+16336
-00384
-01368
+16816
-00752
-00792
+16228
-01136
-00488
+16360
-01208
-00124
+17564
-00776
-00196
+18612
-00576
-00612
+18076
-01644
-01180
+16420
-02256
-01160
+15724
-01412
-01068
+15896
-01148
-00464
+16108
-00676
+00056
+16628
-01356
-00460
+17544
-00012
+00360
+17748
+00104
-00052
+17408
-01312
-00696
+16000
-01632
-01088
+15704
-01352
-01104
+15672
-00584
-00492
+16804
-00852
-00328
+16972
-01132
-00284
+16700
-00792
-00136
+16956
-00564
+00376
+17056
-01044
+00616
+16796
-00276
+00300
+16892
-01976
-00440
+16332
-01532
-00448
+16108
-00516
-00536
+17224
-00900
-00488
+17004
-00844
-00340
+16772
-00904
-00704
+17032
-00788
-00900
+17120
-00316
-00596
+17084
-00416
-00384
+17124
-01824
-01008
+16808
-01340
-00520
+17100
-00732
-00380
+17328
-01116
-00340
+16160
-01904
-00696
+15968
-01408
-00628
+16840
-01108
-00536
+17224
-00728
+00076
+17656
-01024
-00140
+17260
-01496
-00236
+16764
-00808
-00860
+16800
-01072
-00816
+16432
-02384
-01008
+16204
-00784
-00248
+17044
-00820
-00220
+17344
-01544
-00100
+16572
-01160
+00144
+16704
-00800
+00304
+16964
-00900
-00088
+16580
-01728
-00736
+16136
-01556
-00740
+16400
-00988
-00400
+17164
-01040
-00376
+17004
-01096
+00120
+16952
-01080
-00212
+17064
-00776
-00308
+16880
-01056
-00528
+16700
-01104
-00548
+16612
-01728
-00684
+16296
-01788
-00620
+16912
-00580
-00340
+17372
-01104
-00152
+16760
-01592
-00212
+16580
-00780
-00008
+17244
-00676
-00088
+17136
-01688
-00176
+16596
-01648
-00472
+16256
-01260
-00676
+16600
-01216
-00340
+16544
-01232
-00268
+16924
-01832
-00180
+17032
-00684
-00236
+17352
-01008
-00404
+17192
-02600
-00504
+16028
-01488
+00440
+17320
-01304
+01820
+18392
-01412
+03172
+19508
-01308
+07108
+19820
-01720
+09712
+18796
-04524
+13220
+17868
-03392
+13820
+21144
-02856
+11252
+22292
-02068
+08376
+19732
-01728
+01260
+16612
-02712
-01344
+16428
-04536
-05312
+15140
-01840
-07408
+13976
-00724
-06000
+14828
-03288
-06440
+15848
-02248
-05396
+14852
-02076
-06440
+17224
+00252
-04796
+15968
-02308
-04064
+14600
-00924
-03660
+15024
+00412
-03492
+15200
-01152
-02972
+15220
-02844
-02304
+15760
-00588
-00376
+19020
-01924
-00992
+15984
-01196
-01136
+14968
-01772
-00372
+14168
-02200
+00412
+15652
-00932
+00344
+17488
-00228
+02092
+18688
-01324
+01236
+17408
-01944
+00932
+16360
-00472
+01188
+17728
-00564
+01372
+16248
-02628
+02108
+16200
-00380
+02296
+18432
-00588
+01328
+17336
-01956
+01724
+15564
-00836
+01992
+17492
-00704
+01076
+17752
-01504
+01668
+16248
-01516
+02032
+16528
-01040
+01232
+16960
-01376
+01372
+16976
-01584
+01444
+16944
-01720
+00820
+16964
-01696
+01592
+16232
-01484
+01448
+17088
-01532
+01076
+17056
-00604
+01404
+17020
-01100
+01276
+17604
-01720
+00748
+16784
-01984
+01252
+16232
-01228
+01184
+17436
-01248
+01060
+16600
-01476
+01448
+16408
-01136
+01200
+16924
-01112
+00584
+16424
-01636
+01104
+16224
-01944
+01204
+17040
-01008
+01128
+17304
-01024
+01436
+17236
-01404
+01028
+16884
-01964
+00576
+16112
-01780
+00640
+16512
-00928
+00992
+16916
-01080
+01664
+16492
-01928
+01600
+16964
-01892
+00308
+17336
-01740
+00744
+15568
-01728
+00660
+16136
-01184
+00664
+17176
-01224
+00788
+16400
-01960
+01432
+16528
-00776
+01356
+17616
-00456
+01164
+17156
-00968
+01120
+16848
-02484
+00384
+16376
-00876
+00668
+16816
-00280
+01244
+17232
-02140
+01016
+16584
-01892
+00948
+16600
-01220
+01084
+16848
-01868
+00872
+16568
-02356
+01044
+15944
-01288
+01304
+16768
-01036
+00976
+16876
-01676
+01236
+16148
-01132
+01396
+16928
-01068
+00820
+16660
-02128
+00848
+16044
-01668
+00756
+16508
-02040
+00204
+16696
-01768
-00412
+16376
-01444
-02208
+16100
-01016
-04552
+15936
-01000
-06784
+16788
+00532
-09176
+16304
-01528
-10028
+16168
-01264
-10168
+15808
-01232
-09068
+15200
-01932
-07792
+14980
-01036
-06096
+14212
-02900
-00872
+15500
-03952
+00400
+15772
-05512
+01636
+15416
-04304
+06364
+16800
-04180
+06820
+19272
-04596
+06504
+19540
-01712
+10016
+23320
+00284
+07940
+24632
-03544
+04396
+16464
-04236
+04556
+14496
-03896
+01884
+16248
-02124
+03124
+17800
-02396
+03612
+17432
-02912
+02180
+17412
-00388
+02052
+18460
-00600
+02204
+17428
-01944
+01024
+15656
-02276
-00252
+15120
-01864
-00380
+16240
-02236
-00904
+16788
-02320
-00264
+16828
-02700
+00024
+17224
-01192
+00228
+18156
-00480
+00036
+17604
-01260
-00108
+16824
-02260
-00816
+15808
-01936
-00628
+16644
-01492
-00688
+17644
-01984
-00836
+16460
-02100
-00772
+16212
-01012
-00424
+17368
-01000
-00420
+17112
-01100
-00312
+16556
-01584
-00344
+16352
-01524
-00820
+16556
-01336
-00856
+16528
-02060
-00848
+16344
-01660
-01108
+16568
-01724
-00796
+16180
-02036
-00832
+16384
-01276
-00676
+16912
-01032
-00296
+16716
-01128
-00280
+17320
-01468
-01028
+16888
-01368
-00704
+16148
-01672
-00532
+16520
-01888
-00756
+16372
-01728
-00772
+16212
-01344
-00820
+16724
-02100
-00792
+16420
-01936
-00352
+16204