-00746
+00848
+00170
-00746
+00848
+00170
-00746
+00848
+00170
-00728
+00736
+00191
-00728
+00736
+00191
-00728
+00736
+00191
-00718
+00448
+00218
-00718
+00448
+00218
-00693
+00136
+00261
-00693
+00136
+00261
-00693
+00136
+00261
-00645
-00059
+00322
-00645
-00059
+00322
-00645
-00059
+00322
-00574
-00097
+00383
-00574
-00097
+00383
-00574
-00097
+00383
-00471
-00008
+00406
-00471
-00008
+00406
-00471
-00008
+00406
-00332
+00125
+00376
-00332
+00125
+00376
-00332
+00125
+00376
-00204
+00218
+00304
-00204
+00218
+00304
-00204
+00218
+00304
-00133
+00226
+00214
-00133
+00226
+00214
-00133
+00226
+00214
-00145
+00161
+00150
-00145
+00161
+00150
-00145
+00161
+00150
-00224
+00099
+00126
-00224
+00099
+00126
-00224
+00099
+00126
-00312
+00077
+00118
-00312
+00077
+00118
-00312
+00077
+00118
-00347
+00093
+00091
-00347
+00093
+00091
-00302
+00120
+00023
-00302
+00120
+00023
-00302
+00120
+00023
-00214
+00134
-00076
-00214
+00134
-00076
-00214
+00134
-00076
-00136
+00110
-00190
-00136
+00110
-00190
-00136
+00110
-00190
-00097
+00059
-00297
-00097
+00059
-00297
-00097
+00059
-00297
-00067
+00016
-00373
-00067
+00016
-00373
-00067
+00016
-00373
-00025
+00018
-00374
-00025
+00018
-00374
-00025
+00018
-00374
+00011
+00045
-00327
+00011
+00045
-00327
+00011
+00045
-00327
+00035
+00048
-00262
+00035
+00048
-00262
+00035
+00048
-00262
+00040
+00004
-00179
+00040
+00004
-00179
+00040
+00004
-00179
+00010
-00067
-00100
+00010
-00067
-00100
+00010
-00067
-00100
-00048
-00129
-00038
-00048
-00129
-00038
-00122
-00140
+00017
-00122
-00140
+00017
-00122
-00140
+00017
-00171
-00106
+00089
-00171
-00106
+00089
-00171
-00106
+00089
-00162
-00075
+00183
-00162
-00075
+00183
-00162
-00075
+00183
-00078
-00092
+00273
-00078
-00092
+00273
-00078
-00092
+00273
+00082
-00171
+00327
+00082
-00171
+00327
+00082
-00171
+00327
+00303
-00303
+00294
+00303
-00303
+00294
+00303
-00303
+00294
+00541
-00448
+00180
+00541
-00448
+00180
+00541
-00448
+00180
+00743
-00562
+00048
+00743
-00562
+00048
+00743
-00562
+00048
+00878
-00609
-00073
+00878
-00609
-00073
+00878
-00609
-00073
+00954
-00547
-00143
+00954
-00547
-00143
+00954
-00547
-00143
+01032
-00370
-00151
+01032
-00370
-00151
+01197
-00155
-00114
+01197
-00155
-00114
+01197
-00155
-00114
+01501
-00020
-00075
+01501
-00020
-00075
+01501
-00020
-00075
+01886
-00063
-00096
+01886
-00063
-00096
+01886
-00063
-00096
+02251
-00310
-00192
+02251
-00310
-00192
+02251
-00310
-00192
+02509
-00657
-00356
+02509
-00657
-00356
+02509
-00657
-00356
+02637
-00920
-00565
+02637
-00920
-00565
+02637
-00920
-00565
+02699
-00949
-00756
+02699
-00949
-00756
+02699
-00949
-00756
+02786
-00706
-00891
+02786
-00706
-00891
+02786
-00706
-00891
+02957
-00287
-00976
+02957
-00287
-00976
+02957
-00287
-00976
+03213
+00113
-01041
+03213
+00113
-01041
+03213
+00113
-01041
+03532
+00306
-01102
+03532
+00306
-01102
+03861
+00221
-01178
+03861
+00221
-01178
+03861
+00221
-01178
+04185
-00078
-01264
+04185
-00078
-01264
+04185
-00078
-01264
+04511
-00420
-01335
+04511
-00420
-01335
+04511
-00420
-01335
+04857
-00668
-01403
+04857
-00668
-01403
+04857
-00668
-01403
+05227
-00800
-01506
+05227
-00800
-01506
+05227
-00800
-01506
+05597
-00855
-01670
+05597
-00855
-01670
+05597
-00855
-01670
+05921
-00869
-01882
+05921
-00869
-01882
+05921
-00869
-01882
+06143
-00862
-02098
+06143
-00862
-02098
+06143
-00862
-02098
+06247
-00840
-02253
+06247
-00840
-02253
+06247
-00840
-02253
+06209
-00779
-02281
+06209
-00779
-02281
+06209
-00779
-02281
+06044
-00657
-02186
+06044
-00657
-02186
+05838
-00488
-02000
+05838
-00488
-02000
+05838
-00488
-02000
+05720
-00319
-01755
+05720
-00319
-01755
+05720
-00319
-01755
+05743
-00242
-01506
+05743
-00242
-01506
+05743
-00242
-01506
+05835
-00338
-01336
+05835
-00338
-01336
+05835
-00338
-01336
+05862
-00612
-01275
+05862
-00612
-01275
+05862
-00612
-01275
+05749
-00925
-01295
+05749
-00925
-01295
+05749
-00925
-01295
+05544
-01106
-01305
+05544
-01106
-01305
+05544
-01106
-01305
+05307
-00995
-01252
+05307
-00995
-01252
+05307
-00995
-01252
+05128
-00561
-01115
+05128
-00561
-01115
+05128
-00561
-01115
+05095
+00022
-00930
+05095
+00022
-00930
+05095
+00022
-00930
+05224
+00509
-00793
+05224
+00509
-00793
+05224
+00509
-00793
+05489
+00711
-00772
+05489
+00711
-00772
+05835
+00590
-00861
+05835
+00590
-00861
+05835
+00590
-00861
+06211
+00238
-01015
+06211
+00238
-01015
+06211
+00238
-01015
+06603
-00187
-01214
+06603
-00187
-01214
+06603
-00187
-01214
+07027
-00548
-01472
+07027
-00548
-01472
+07027
-00548
-01472
+07515
-00738
-01803
+07515
-00738
-01803
+07515
-00738
-01803
+08087
-00738
-02195
+08087
-00738
-02195
+08087
-00738
-02195
+08728
-00655
-02605
+08728
-00655
-02605
+08728
-00655
-02605
+09339
-00639
-02974
+09339
-00639
-02974
+09339
-00639
-02974
+09769
-00763
-03269
+09769
-00763
-03269
+09769
-00763
-03269
+09921
-01013
-03469
+09921
-01013
-03469
+09921
-01013
-03469
+09820
-01313
-03568
+09820
-01313
-03568
+09579
-01510
-03561
+09579
-01510
-03561
+09579
-01510
-03561
+09346
-01537
-03447
+09346
-01537
-03447
+09346
-01537
-03447
+09191
-01424
-03209
+09191
-01424
-03209
+09191
-01424
-03209
+09087
-01288
-02868
+09087
-01288
-02868
+09087
-01288
-02868
+08978
-01220
-02475
+08978
-01220
-02475
+08978
-01220
-02475
+08824
-01248
-02091
+08824
-01248
-02091
+08824
-01248
-02091
+08613
-01321
-01747
+08613
-01321
-01747
+08613
-01321
-01747
+08361
-01373
-01476
+08361
-01373
-01476
+08361
-01373
-01476
+08120
-01342
-01285
+08120
-01342
-01285
+08120
-01342
-01285
+07943
-01183
-01188
+07943
-01183
-01188
+07943
-01183
-01188
+07863
-00949
-01169
+07863
-00949
-01169
+07861
-00733
-01158
+07861
-00733
-01158
+07861
-00733
-01158
+07884
-00585
-01119
+07884
-00585
-01119
+07884
-00585
-01119
+07889
-00498
-01000
+07889
-00498
-01000
+07889
-00498
-01000
+07872
-00448
-00831
+07872
-00448
-00831
+07872
-00448
-00831
+07871
-00407
-00668
+07871
-00407
-00668
+07871
-00407
-00668
+07965
-00293
-00533
+07965
-00293
-00533
+07965
-00293
-00533
+08181
-00032
-00442
+08181
-00032
-00442
+08181
-00032
-00442
+08466
+00338
-00399
+08466
+00338
-00399
+08466
+00338
-00399
+08712
+00695
-00386
+08712
+00695
-00386
+08712
+00695
-00386
+08831
+00962
-00394
+08831
+00962
-00394
+08831
+00962
-00394
+08822
+01146
-00428
+08822
+01146
-00428
+08770
+01305
-00502
+08770
+01305
-00502
+08770
+01305
-00502
+08802
+01479
-00601
+08802
+01479
-00601
+08802
+01479
-00601
+09023
+01646
-00684
+09023
+01646
-00684
+09023
+01646
-00684
+09459
+01767
-00722
+09459
+01767
-00722
+09459
+01767
-00722
+10092
+01802
-00738
+10092
+01802
-00738
+10092
+01802
-00738
+10835
+01742
-00785
+10835
+01742
-00785
+10835
+01742
-00785
+11580
+01615
-00882
+11580
+01615
-00882
+11580
+01615
-00882
+12302
+01403
-00988
+12302
+01403
-00988
+12302
+01403
-00988
+12971
+01154
-01061
+12971
+01154
-01061
+12971
+01154
-01061
+13552
+00935
-01088
+13552
+00935
-01088
+13552
+00935
-01088
+14040
+00782
-01059
+14040
+00782
-01059
+14470
+00701
-00970
+14470
+00701
-00970
+14470
+00701
-00970
+14852
+00688
-00862
+14852
+00688
-00862
+14852
+00688
-00862
+15194
+00712
-00815
+15194
+00712
-00815
+15194
+00712
-00815
+15482
+00753
-00860
+15482
+00753
-00860
+15482
+00753
-00860
+15687
+00794
-00964
+15687
+00794
-00964
+15687
+00794
-00964
+15775
+00831
-01080
+15775
+00831
-01080
+15775
+00831
-01080
+15750
+00892
-01197
+15750
+00892
-01197
+15750
+00892
-01197
+15681
+01009
-01305
+15681
+01009
-01305
+15681
+01009
-01305
+15652
+01201
-01414
+15652
+01201
-01414
+15652
+01201
-01414
+15741
+01387
-01548
+15741
+01387
-01548
+15741
+01387
-01548
+15938
+01508
-01719
+15938
+01508
-01719
+16179
+01564
-01892
+16179
+01564
-01892
+16179
+01564
-01892
+16398
+01526
-02004
+16398
+01526
-02004
+16398
+01526
-02004
+16536
+01390
-02030
+16536
+01390
-02030
+16536
+01390
-02030
+16555
+01169
-01989
+16555
+01169
-01989
+16555
+01169
-01989
+16471
+00910
-01912
+16471
+00910
-01912
+16471
+00910
-01912
+16337
+00657
-01825
+16337
+00657
-01825
+16337
+00657
-01825
+16205
+00439
-01729
+16205
+00439
-01729
+16205
+00439
-01729
+16091
+00263
-01637
+16091
+00263
-01637
+16091
+00263
-01637
+15993
+00147
-01585
+15993
+00147
-01585
+15993
+00147
-01585
+15904
+00103
-01549
+15904
+00103
-01549
+15904
+00103
-01549
+15838
+00131
-01482
+15838
+00131
-01482
+15788
+00233
-01380
+15788
+00233
-01380
+15788
+00233
-01380
+15748
+00407
-01297
+15748
+00407
-01297
+15748
+00407
-01297
+15683
+00646
-01291
+15683
+00646
-01291
+15683
+00646
-01291
+15543
+00919
-01321
+15543
+00919
-01321
+15543
+00919
-01321
+15337
+01214
-01284
+15337
+01214
-01284
+15337
+01214
-01284
+15073
+01550
-01118
+15073
+01550
-01118
+15073
+01550
-01118
+14740
+01941
-00846
+14740
+01941
-00846
+14740
+01941
-00846
+14366
+02380
-00530
+14366
+02380
-00530
+14366
+02380
-00530
+13981
+02854
-00254
+13981
+02854
-00254
+13981
+02854
-00254
+13608
+03339
-00083
+13608
+03339
-00083
+13608
+03339
-00083
+13270
+03773
-00037
+13270
+03773
-00037
+13003
+04096
-00101
+13003
+04096
-00101
+13003
+04096
-00101
+12813
+04275
-00241
+12813
+04275
-00241
+12813
+04275
-00241
+12670
+04302
-00426
+12670
+04302
-00426
+12670
+04302
-00426
+12529
+04183
-00627
+12529
+04183
-00627
+12529
+04183
-00627
+12333
+03928
-00787
+12333
+03928
-00787
+12333
+03928
-00787
+12021
+03575
-00849
+12021
+03575
-00849
+12021
+03575
-00849
+11579
+03174
-00793
+11579
+03174
-00793
+11579
+03174
-00793
+11015
+02769
-00651
+11015
+02769
-00651
+11015
+02769
-00651
+10358
+02399
-00477
+10358
+02399
-00477
+10358
+02399
-00477
+09634
+02075
-00309
+09634
+02075
-00309
+09634
+02075
-00309
+08874
+01823
-00184
+08874
+01823
-00184
+08120
+01636
-00117
+08120
+01636
-00117
+08120
+01636
-00117
+07437
+01491
-00080
+07437
+01491
-00080
+07437
+01491
-00080
+06861
+01368
-00069
+06861
+01368
-00069
+06861
+01368
-00069
+06359
+01258
-00119
+06359
+01258
-00119
+06359
+01258
-00119
+05874
+01156
-00244
+05874
+01156
-00244
+05874
+01156
-00244
+05354
+01042
-00382
+05354
+01042
-00382
+05354
+01042
-00382
+04767
+00926
-00445
+04767
+00926
-00445
+04767
+00926
-00445
+04111
+00848
-00381
+04111
+00848
-00381
+04111
+00848
-00381
+03435
+00843
-00199
+03435
+00843
-00199
+03435
+00843
-00199
+02813
+00917
+00052
+02813
+00917
+00052
+02813
+00917
+00052
+02310
+01041
+00302
+02310
+01041
+00302
+01933
+01180
+00503
+01933
+01180
+00503
+01933
+01180
+00503
+01637
+01300
+00633
+01637
+01300
+00633
+01637
+01300
+00633
+01361
+01356
+00684
+01361
+01356
+00684
+01361
+01356
+00684
+01068
+01318
+00648
+01068
+01318
+00648
+01068
+01318
+00648
+00747
+01178
+00533
+00747
+01178
+00533
+00747
+01178
+00533
+00407
+00956
+00368
+00407
+00956
+00368
+00407
+00956
+00368
+00058
+00691
+00205
+00058
+00691
+00205
+00058
+00691
+00205
-00296
+00417
+00093
-00296
+00417
+00093
-00296
+00417
+00093
-00656
+00190
+00061
-00656
+00190
+00061
-00656
+00190
+00061
-00998
+00055
+00088
-00998
+00055
+00088
-00998
+00055
+00088
-01277
+00030
+00136
-01277
+00030
+00136
-01457
+00115
+00169
-01457
+00115
+00169
-01457
+00115
+00169
-01554
+00291
+00176
-01554
+00291
+00176
-01554
+00291
+00176
-01576
+00521
+00180
-01576
+00521
+00180
-01576
+00521
+00180
-01525
+00764
+00198
-01525
+00764
+00198
-01525
+00764
+00198
-01396
+00993
+00244
-01396
+00993
+00244
-01396
+00993
+00244
-01214
+01170
+00289
-01214
+01170
+00289
-01214
+01170
+00289
-01001
+01269
+00311
-01001
+01269
+00311
-01001
+01269
+00311
-00781
+01281
+00282
-00781
+01281
+00282
-00781
+01281
+00282
-00590
+01220
+00208
-00590
+01220
+00208
-00590
+01220
+00208
-00437
+01092
+00109
-00437
+01092
+00109
-00437
+01092
+00109
-00318
+00913
+00008
-00318
+00913
+00008
-00221
+00697
-00094
-00221
+00697
-00094
-00221
+00697
-00094
-00133
+00471
-00201
-00133
+00471
-00201
-00133
+00471
-00201
-00037
+00251
-00313
-00037
+00251
-00313
-00037
+00251
-00313
+00058
+00066
-00412
+00058
+00066
-00412
+00058
+00066
-00412
+00123
-00054
-00468
+00123
-00054
-00468
+00123
-00054
-00468
+00132
-00112
-00471
+00132
-00112
-00471
+00132
-00112
-00471
+00079
-00112
-00419
+00079
-00112
-00419
+00079
-00112
-00419
-00036
-00063
-00333
-00036
-00063
-00333
-00036
-00063
-00333
-00200
+00022
-00253
-00200
+00022
-00253
-00200
+00022
-00253
-00396
+00140
-00192
-00396
+00140
-00192
-00396
+00140
-00192
-00599
+00271
-00142
-00599
+00271
-00142
-00817
+00393
-00115
-00817
+00393
-00115
-00817
+00393
-00115
-01059
+00496
-00115
-01059
+00496
-00115
-01059
+00496
-00115
-01335
+00571
-00134
-01335
+00571
-00134
-01335
+00571
-00134
-01657
+00615
-00159
-01657
+00615
-00159
-01657
+00615
-00159
-02025
+00636
-00181
-02025
+00636
-00181
-02025
+00636
-00181
-02435
+00643
-00201
-02435
+00643
-00201
-02435
+00643
-00201
-02875
+00650
-00226
-02875
+00650
-00226
-02875
+00650
-00226
-03337
+00652
-00264
-03337
+00652
-00264
-03337
+00652
-00264
-03826
+00649
-00300
-03826
+00649
-00300
-03826
+00649
-00300
-04344
+00664
-00303
-04344
+00664
-00303
-04344
+00664
-00303
-04893
+00705
-00257
-04893
+00705
-00257
-05474
+00777
-00162
-05474
+00777
-00162
-05474
+00777
-00162
-06113
+00875
-00029
-06113
+00875
-00029
-06113
+00875
-00029
-06810
+00957
+00130
-06810
+00957
+00130
-06810
+00957
+00130
-07579
+01001
+00296
-07579
+01001
+00296
-07579
+01001
+00296
-08443
+00984
+00424
-08443
+00984
+00424
-08443
+00984
+00424
-09410
+00892
+00461
-09410
+00892
+00461
-09410
+00892
+00461
-10489
+00732
+00347
-10489
+00732
+00347
-10489
+00732
+00347
-11662
+00523
+00081
-11662
+00523
+00081
-11662
+00523
+00081
-12890
+00301
-00276
-12890
+00301
-00276
-12890
+00301
-00276
-14125
+00128
-00612
-14125
+00128
-00612
-14125
+00128
-00612
-15304
+00060
-00815
-15304
+00060
-00815
-15304
+00060
-00815
-16344
+00133
-00839
-16344
+00133
-00839
-17177
+00363
-00700
-17177
+00363
-00700
-17177
+00363
-00700
-17769
+00713
-00441
-17769
+00713
-00441
-17769
+00713
-00441
-18148
+01149
-00144
-18148
+01149
-00144
-18148
+01149
-00144
-18357
+01602
+00123
-18357
+01602
+00123
-18357
+01602
+00123
-18477
+01996
+00307
-18477
+01996
+00307
-18477
+01996
+00307
-18611
+02264
+00351
-18611
+02264
+00351
-18611
+02264
+00351
-18812
+02360
+00237
-18812
+02360
+00237
-18812
+02360
+00237
-19076
+02280
-00010
-19076
+02280
-00010
-19076
+02280
-00010
-19374
+02089
-00332
-19374
+02089
-00332
-19374
+02089
-00332
-19673
+01861
-00691
-19673
+01861
-00691
-19932
+01643
-01043
-19932
+01643
-01043
-19932
+01643
-01043
-20129
+01453
-01309
-20129
+01453
-01309
-20129
+01453
-01309
-20292
+01285
-01456
-20292
+01285
-01456
-20292
+01285
-01456
-20467
+01126
-01486
-20467
+01126
-01486
-20467
+01126
-01486
-20704
+00983
-01416
-20704
+00983
-01416
-20704
+00983
-01416
-20996
+00870
-01267
-20996
+00870
-01267
-20996
+00870
-01267
-21255
+00808
-01034
-21255
+00808
-01034
-21255
+00808
-01034
-21372
+00813
-00721
-21372
+00813
-00721
-21372
+00813
-00721
-21284
+00887
-00358
-21284
+00887
-00358
-21284
+00887
-00358
-20997
+00977
+00030
-20997
+00977
+00030
-20997
+00977
+00030
-20578
+01003
+00423
-20578
+01003
+00423
-20111
+00942
+00773
-20111
+00942
+00773
-20111
+00942
+00773
-19612
+00806
+01021
-19612
+00806
+01021
-19612
+00806
+01021
-19069
+00597
+01136
-19069
+00597
+01136
-19069
+00597
+01136
-18483
+00321
+01127
-18483
+00321
+01127
-18483
+00321
+01127
-17904
+00006
+01043
-17904
+00006
+01043
-17904
+00006
+01043
-17381
-00314
+00941
-17381
-00314
+00941
-17381
-00314
+00941
-16968
-00593
+00858
-16968
-00593
+00858
-16968
-00593
+00858
-16691
-00774
+00800
-16691
-00774
+00800
-16691
-00774
+00800
-16497
-00841
+00779
-16497
-00841
+00779
-16497
-00841
+00779
-16327
-00784
+00815
-16327
-00784
+00815
-16327
-00784
+00815
-16180
-00618
+00912
-16180
-00618
+00912
-16086
-00382
+01073
-16086
-00382
+01073
-16086
-00382
+01073
-16070
-00110
+01283
-16070
-00110
+01283
-16070
-00110
+01283
-16139
+00170
+01526
-16139
+00170
+01526
-16139
+00170
+01526
-16277
+00447
+01829
-16277
+00447
+01829
-16277
+00447
+01829
-16443
+00704
+02181
-16443
+00704
+02181
-16443
+00704
+02181
-16576
+00926
+02559
-16576
+00926
+02559
-16576
+00926
+02559
-16669
+01113
+02917
-16669
+01113
+02917
-16669
+01113
+02917
-16730
+01249
+03204
-16730
+01249
+03204
-16730
+01249
+03204
-16788
+01317
+03361
-16788
+01317
+03361
-16788
+01317
+03361
-16833
+01358
+03385
-16833
+01358
+03385
-16833
+01358
+03385
-16791
+01417
+03307
-16791
+01417
+03307
-16791
+01417
+03307
-16604
+01499
+03163
-16604
+01499
+03163
-16261
+01549
+02986
-16261
+01549
+02986
-16261
+01549
+02986
-15808
+01517
+02798
-15808
+01517
+02798
-15808
+01517
+02798
-15313
+01386
+02608
-15313
+01386
+02608
-15313
+01386
+02608
-14828
+01180
+02429
-14828
+01180
+02429
-14828
+01180
+02429
-14362
+00935
+02279
-14362
+00935
+02279
-14362
+00935
+02279
-13841
+00660
+02207
-13841
+00660
+02207
-13841
+00660
+02207
-13234
+00381
+02228
-13234
+00381
+02228
-13234
+00381
+02228
-12587
+00107
+02348
-12587
+00107
+02348
-12587
+00107
+02348
-11993
-00180
+02533
-11993
-00180
+02533
-11993
-00180
+02533
-11512
-00468
+02680
-11512
-00468
+02680
-11512
-00468
+02680
-11166
-00704
+02682
-11166
-00704
+02682
-10900
-00847
+02502
-10900
-00847
+02502
-10900
-00847
+02502
-10643
-00877
+02157
-10643
-00877
+02157
-10643
-00877
+02157
-10364
-00801
+01676
-10364
-00801
+01676
-10364
-00801
+01676
-10081
-00682
+01174
-10081
-00682
+01174
-10081
-00682
+01174
-09810
-00556
+00768
-09810
-00556
+00768
-09810
-00556
+00768
-09500
-00419
+00453
-09500
-00419
+00453
-09500
-00419
+00453
-09113
-00277
+00164
-09113
-00277
+00164
-09113
-00277
+00164
-08653
-00168
-00111
-08653
-00168
-00111
-08653
-00168
-00111
-08181
-00135
-00370
-08181
-00135
-00370
-08181
-00135
-00370
-07814
-00195
-00585
-07814
-00195
-00585
-07814
-00195
-00585
-07655
-00335
-00655
-07655
-00335
-00655
-07728
-00462
-00475
-07728
-00462
-00475
-07728
-00462
-00475
-07965
-00467
-00046
-07965
-00467
-00046
-07965
-00467
-00046
-08210
-00346
+00555
-08210
-00346
+00555
-08210
-00346
+00555
-08326
-00168
+01191
-08326
-00168
+01191
-08326
-00168
+01191
-08260
-00019
+01687
-08260
-00019
+01687
-08260
-00019
+01687
-08035
+00060
+01924
-08035
+00060
+01924
-08035
+00060
+01924
-07713
+00090
+01918
-07713
+00090
+01918
-07713
+00090
+01918
-07360
+00113
+01746
-07360
+00113
+01746
-07360
+00113
+01746
-07006
+00164
+01508
-07006
+00164
+01508
-07006
+00164
+01508
-06639
+00288
+01190
-06639
+00288
+01190
-06639
+00288
+01190
-06203
+00533
+00743
-06203
+00533
+00743
-05628
+00833
+00244
-05628
+00833
+00244
-05628
+00833
+00244
-04958
+01084
-00197
-04958
+01084
-00197
-04958
+01084
-00197
-04355
+01234
-00490
-04355
+01234
-00490
-04355
+01234
-00490
-03916
+01247
-00554
-03916
+01247
-00554
-03916
+01247
-00554
-03652
+01145
-00386
-03652
+01145
-00386
-03652
+01145
-00386
-03491
+01015
-00108
-03491
+01015
-00108
-03491
+01015
-00108
-03268
+00881
+00144
-03268
+00881
+00144
-03268
+00881
+00144
-02869
+00727
+00275
-02869
+00727
+00275
-02869
+00727
+00275
-02329
+00541
+00247
-02329
+00541
+00247
-02329
+00541
+00247
-01737
+00331
+00097
-01737
+00331
+00097
-01737
+00331
+00097
-01167
+00135
-00089
-01167
+00135
-00089
-00638
-00021
-00238
-00638
-00021
-00238
-00638
-00021
-00238
-00132
-00130
-00324
-00132
-00130
-00324
-00132
-00130
-00324
+00383
-00201
-00385
+00383
-00201
-00385
+00383
-00201
-00385
+00896
-00231
-00487
+00896
-00231
-00487
+00896
-00231
-00487
+01345
-00232
-00649
+01345
-00232
-00649
+01345
-00232
-00649
+01618
-00209
-00787
+01618
-00209
-00787
+01618
-00209
-00787
+01643
-00163
-00822
+01643
-00163
-00822
+01643
-00163
-00822
+01439
-00073
-00739
+01439
-00073
-00739
+01439
-00073
-00739
+01100
+00088
-00580
+01100
+00088
-00580
+01100
+00088
-00580
+00747
+00283
-00412
+00747
+00283
-00412
+00747
+00283
-00412
+00454
+00439
-00307
+00454
+00439
-00307
+00177
+00514
-00287
+00177
+00514
-00287
+00177
+00514
-00287
-00123
+00518
-00281
-00123
+00518
-00281
-00123
+00518
-00281
-00435
+00517
-00217
-00435
+00517
-00217
-00435
+00517
-00217
-00692
+00546
-00095
-00692
+00546
-00095
-00692
+00546
-00095
-00815
+00606
+00042
-00815
+00606
+00042
-00815
+00606
+00042
-00729
+00647
+00159
-00729
+00647
+00159
-00729
+00647
+00159
-00425
+00622
+00193
-00425
+00622
+00193
-00425
+00622
+00193
+00012
+00505
+00087
+00012
+00505
+00087
+00012
+00505
+00087
+00484
+00304
-00164
+00484
+00304
-00164
+00484
+00304
-00164
+00902
+00055
-00486
+00902
+00055
-00486
+00902
+00055
-00486
+01200
-00170
-00742
+01200
-00170
-00742
+01348
-00311
-00878
+01348
-00311
-00878
+01348
-00311
-00878
+01393
-00362
-00888
+01393
-00362
-00888
+01393
-00362
-00888
+01417
-00354
-00830
+01417
-00354
-00830
+01417
-00354
-00830
+01439
-00328
-00756
+01439
-00328
-00756
+01439
-00328
-00756
+01424
-00300
-00692
+01424
-00300
-00692
+01424
-00300
-00692
+01330
-00270
-00633
+01330
-00270
-00633
+01330
-00270
-00633
+01106
-00217
-00529
+01106
-00217
-00529
+01106
-00217
-00529
+00742
-00122
-00340
+00742
-00122
-00340
+00742
-00122
-00340
+00292
+00032
-00090
+00292
+00032
-00090