Rotaciona o pitch de  +90

start
+00476;+00700;+17596;+02291;+00102;+00082;+00060;
+00560;+00588;+17620;+02290;+00103;+00079;+00064;
+00672;+00632;+17720;+02290;+00100;+00077;+00060;
+00556;+00620;+17564;+02291;+00097;+00077;+00057;
+00480;+00656;+17656;+02291;+00096;+00077;+00058;
+00460;+00620;+17528;+02290;+00097;+00079;+00061;
+00416;+00660;+17652;+02290;+00098;+00080;+00062;
+00532;+00620;+17592;+02291;+00099;+00080;+00063;
+00612;+00660;+17600;+02292;+00099;+00075;+00064;
+00608;+00704;+17664;+02294;+00099;+00073;+00062;
+00512;+00652;+17552;+02293;+00098;+00076;+00061;
+00496;+00672;+17936;+02291;+00096;+00081;+00060;
+00440;+00756;+17312;+02292;+00096;+00082;+00064;
+00532;+00708;+17776;+02293;+00098;+00080;+00063;
+00548;+00588;+17544;+02293;+00093;+00078;+00060;
+00512;+00576;+17680;+02293;+00097;+00077;+00059;
+00544;+00656;+17528;+02293;+00098;+00077;+00062;
+00580;+00708;+17640;+02293;+00099;+00079;+00065;
+00484;+00712;+17808;+02292;+00099;+00079;+00062;
+00496;+00612;+17572;+02291;+00099;+00080;+00056;
+00500;+00624;+17800;+02290;+00096;+00077;+00054;
+00516;+00592;+17604;+02288;+00094;+00073;+00056;
+00536;+00672;+17656;+02287;+00095;+00071;+00057;
+00488;+00700;+17516;+02289;+00095;+00070;+00058;
+00464;+00644;+17640;+02288;+00098;+00071;+00059;
+00460;+00628;+17628;+02288;+00100;+00073;+00064;
+00536;+00624;+17740;+02289;+00098;+00068;+00065;
+00564;+00640;+17552;+02292;+00097;+00069;+00065;
+00588;+00640;+17748;+02292;+00099;+00070;+00066;
+00524;+00648;+17576;+02291;+00101;+00072;+00068;
+00544;+00616;+17660;+02290;+00102;+00073;+00066;
+00536;+00580;+17640;+02290;+00101;+00071;+00068;
+00600;+00648;+17660;+02291;+00099;+00072;+00067;
+00544;+00584;+17616;+02291;+00099;+00074;+00066;
+00516;+00704;+17544;+02291;+00098;+00073;+00062;
+00464;+00608;+17664;+02291;+00096;+00074;+00058;
+00448;+00652;+17640;+02292;+00095;+00073;+00060;
+00528;+00668;+17576;+02290;+00098;+00073;+00061;
+00584;+00636;+17844;+02290;+00097;+00072;+00061;
+00648;+00672;+17632;+02290;+00097;+00081;+00064;
+00640;+00700;+17572;+02292;+00100;+00098;+00062;
+00468;+00600;+17688;+02294;+00101;+00101;+00061;
+00528;+00616;+17592;+02293;+00104;+00102;+00061;
+00532;+00692;+17500;+02294;+00102;+00097;+00058;
+00576;+00676;+17612;+02295;+00102;+00087;+00057;
+00544;+00648;+17772;+02293;+00102;+00090;+00058;
+00552;+00632;+17552;+02292;+00103;+00099;+00054;
+00536;+00652;+17580;+02293;+00102;+00096;+00049;
+00516;+00604;+17656;+02293;+00101;+00078;+00047;
+00516;+00696;+17620;+02295;+00096;+00070;+00047;
+00532;+00636;+17772;+02294;+00097;+00080;+00048;
+00456;+00680;+17596;+02293;+00102;+00127;+00051;
+00508;+00644;+17932;+02293;+00106;+00115;+00057;
+00548;+00636;+17708;+02290;+00112;+00138;+00055;
+00580;+00720;+16164;+02288;+00123;+00197;+00054;
+00456;+00524;+16984;+02289;+00138;+00228;+00053;
+00328;+00564;+17956;+02288;+00133;+00170;+00052;
+00592;+00756;+17468;+02289;+00125;+00124;+00055;
+00568;+00812;+17600;+02291;+00116;+00091;+00057;
+00456;+00724;+17800;+02291;+00111;+00079;+00060;
+00492;+00616;+17516;+02291;+00107;+00096;+00061;
+00628;+00604;+17756;+02292;+00105;+00104;+00060;
+00464;+00660;+17812;+02291;+00103;+00099;+00058;
+00604;+00848;+17440;+02291;+00106;+00102;+00065;
+00660;+00728;+17860;+02290;+00106;+00101;+00072;
+00480;+00648;+17600;+02290;+00105;+00115;+00064;
+00460;+00520;+17700;+02291;+00107;+00118;+00061;
+00412;+00644;+17692;+02291;+00108;+00123;+00066;
+00476;+00704;+17984;+02291;+00112;+00126;+00076;
+00380;+00692;+17384;+02288;+00121;+00163;+00088;
+00520;+00600;+17656;+02288;+00121;+00159;+00096;
+00452;+00520;+17556;+02288;+00117;+00145;+00104;
+00616;+00664;+17716;+02287;+00112;+00136;+00115;
+00520;+00760;+17596;+02287;+00111;+00119;+00113;
+00480;+00632;+17704;+02289;+00113;+00101;+00099;
+00480;+00420;+17740;+02291;+00111;+00095;+00085;
+00412;+00448;+17668;+02290;+00111;+00098;+00069;
+00404;+00580;+17512;+02288;+00108;+00088;+00060;
+00532;+00648;+17620;+02288;+00106;+00090;+00058;
+00428;+00764;+17560;+02289;+00107;+00078;+00061;
+00548;+00712;+17652;+02290;+00106;+00073;+00063;
+00492;+00572;+17724;+02291;+00105;+00074;+00065;
+00532;+00732;+17696;+02290;+00103;+00076;+00060;
+00508;+00720;+17628;+02291;+00102;+00077;+00061;
+00340;+00768;+17508;+02292;+00105;+00087;+00065;
+00500;+00764;+17972;+02291;+00103;+00086;+00065;
+00444;+00640;+17372;+02291;+00101;+00079;+00066;
+00564;+00528;+17840;+02291;+00101;+00078;+00067;
+00500;+00600;+17488;+02292;+00099;+00074;+00067;
+00528;+00720;+17704;+02294;+00101;+00072;+00069;
+00420;+00740;+17632;+02292;+00100;+00073;+00070;
+00432;+00672;+17532;+02290;+00100;+00074;+00071;
+00500;+00636;+17616;+02289;+00098;+00079;+00065;
+00756;+00788;+17340;+02289;+00099;+00080;+00064;
+00564;+00744;+17664;+02289;+00097;+00080;+00065;
+00460;+00732;+17712;+02289;+00093;+00076;+00063;
+00388;+00676;+17488;+02289;+00094;+00071;+00060;
+00440;+00644;+17828;+02291;+00092;+00049;+00062;
+00440;+00584;+17496;+02291;+00093;+00041;+00065;
+00628;+00612;+17552;+02290;+00094;+00040;+00067;
+00568;+00676;+17672;+02289;+00095;+00035;+00067;
+00500;+00648;+17580;+02291;+00095;+00049;+00065;
+00352;+00544;+17632;+02293;+00095;+00054;+00058;
+00464;+00588;+17632;+02294;+00094;+00061;+00053;
+00568;+00576;+17672;+02293;+00093;+00057;+00055;
+00524;+00620;+17496;+02291;+00093;+00063;+00056;
+00564;+00632;+17556;+02290;+00094;+00061;+00060;
+00528;+00680;+17396;+02291;+00096;+00073;+00063;
+00740;+01004;+17464;+02291;+00099;+00083;+00063;
+00576;+00832;+17608;+02291;+00098;+00083;+00063;
+00552;+00748;+17780;+02291;+00097;+00087;+00057;
+00512;+00656;+17432;+02293;+00095;+00082;+00049;
+00528;+00552;+17648;+02292;+00097;+00083;+00048;
+00456;+00668;+17516;+02292;+00098;+00078;+00052;
+00516;+00736;+17676;+02291;+00097;+00079;+00055;
+00508;+00604;+17616;+02293;+00096;+00078;+00058;
+00536;+00628;+17688;+02293;+00094;+00076;+00057;
+00576;+00600;+17640;+02293;+00092;+00075;+00056;
+00512;+00668;+17548;+02292;+00092;+00076;+00053;
+00564;+00668;+17668;+02291;+00090;+00073;+00051;
+00492;+00684;+17652;+02291;+00091;+00084;+00050;
+00360;+00628;+17572;+02292;+00093;+00086;+00051;
+00512;+00764;+17580;+02292;+00097;+00082;+00053;
+00556;+00696;+17700;+02293;+00097;+00069;+00059;
+00556;+00636;+17556;+02292;+00095;+00062;+00052;
+00464;+00600;+17696;+02293;+00097;+00063;+00047;
+00404;+00680;+17708;+02294;+00099;+00068;+00050;
+00516;+00632;+17648;+02293;+00104;+00075;+00055;
+00496;+00612;+17624;+02292;+00105;+00079;+00057;
+00480;+00652;+17588;+02291;+00102;+00082;+00058;
+00540;+00644;+17632;+02291;+00099;+00077;+00056;
+00512;+00648;+17620;+02292;+00096;+00072;+00053;
+00516;+00672;+17664;+02293;+00093;+00068;+00052;
+00480;+00624;+17664;+02293;+00092;+00067;+00049;
+00484;+00704;+17652;+02294;+00093;+00067;+00052;
+00452;+00540;+17752;+02295;+00097;+00066;+00053;
+00520;+00616;+17588;+02294;+00095;+00060;+00057;
+00596;+00636;+17568;+02294;+00092;+00048;+00057;
+00452;+00756;+17676;+02293;+00094;+00049;+00058;
+00444;+00672;+17552;+02292;+00092;+00048;+00057;
+00488;+00620;+17624;+02292;+00094;+00048;+00053;
+00452;+00656;+17512;+02292;+00092;+00053;+00054;
+00548;+00668;+17724;+02293;+00094;+00055;+00058;
+00456;+00700;+17560;+02292;+00096;+00049;+00060;
+00576;+00504;+17596;+02289;+00099;+00039;+00061;
+00420;+00528;+17620;+02289;+00096;+00028;+00059;
+00464;+00500;+17976;+02291;+00093;+00020;+00054;
+00476;+00648;+17448;+02292;+00091;+00053;+00056;
+00484;+00656;+17516;+02291;+00091;+00075;+00055;
+00460;+00632;+17704;+02291;+00088;+00070;+00056;
+00516;+00620;+17544;+02291;+00091;+00074;+00060;
+00512;+00620;+17500;+02291;+00093;+00080;+00060;
+00536;+00576;+17632;+02292;+00096;+00083;+00060;
+00500;+00628;+17684;+02293;+00096;+00079;+00060;
+00492;+00568;+17576;+02293;+00094;+00079;+00061;
+00504;+00700;+17688;+02295;+00094;+00081;+00059;
+00568;+00636;+17692;+02294;+00095;+00082;+00062;
+00424;+00648;+17640;+02294;+00096;+00095;+00066;
+00576;+00612;+17592;+02294;+00094;+00085;+00065;
+00480;+00668;+17600;+02293;+00090;+00079;+00062;
+00424;+00608;+17612;+02294;+00091;+00077;+00066;
+00424;+00636;+17548;+02294;+00094;+00084;+00066;
+00508;+00608;+17656;+02292;+00097;+00081;+00065;
+00496;+00580;+17688;+02291;+00097;+00084;+00065;
+00516;+00612;+17552;+02291;+00095;+00081;+00065;
+00524;+00664;+17720;+02292;+00094;+00077;+00061;
+00492;+00612;+17676;+02292;+00095;+00074;+00061;
+00428;+00660;+17540;+02290;+00097;+00084;+00067;
+00572;+00700;+17672;+02290;+00096;+00086;+00065;
+00508;+00620;+17588;+02291;+00097;+00085;+00067;
+00528;+00676;+17536;+02291;+00101;+00085;+00071;
+00564;+00636;+17676;+02291;+00103;+00087;+00070;
+00456;+00628;+17716;+02292;+00103;+00087;+00067;
+00504;+00648;+17672;+02295;+00103;+00087;+00068;
+00492;+00576;+17564;+02295;+00102;+00100;+00067;
+00572;+00632;+17616;+02294;+00101;+00100;+00068;
+00456;+00664;+17592;+02294;+00098;+00095;+00069;
+00536;+00680;+17664;+02294;+00097;+00087;+00071;
+00508;+00656;+17572;+02292;+00097;+00084;+00066;
+00440;+00604;+17572;+02292;+00096;+00084;+00059;
+00500;+00648;+17716;+02293;+00093;+00084;+00053;
+00472;+00632;+17688;+02292;+00094;+00087;+00058;
+00472;+00636;+17612;+02292;+00095;+00084;+00057;
+00428;+00640;+17584;+02294;+00091;+00084;+00051;
+00548;+00724;+17572;+02294;+00090;+00075;+00047;
+00528;+00772;+17680;+02295;+00091;+00065;+00045;
+00584;+00684;+17724;+02295;+00091;+00060;+00042;
+00556;+00592;+17744;+02293;+00095;+00060;+00046;
+00440;+00584;+17592;+02292;+00091;+00072;+00045;
+00440;+00612;+17664;+02292;+00094;+00089;+00048;
+00464;+00772;+17564;+02292;+00097;+00097;+00056;
+00564;+00784;+17564;+02293;+00099;+00094;+00060;
+00484;+00648;+17628;+02293;+00098;+00094;+00058;
+00516;+00660;+17716;+02292;+00098;+00094;+00052;
+00512;+00632;+17692;+02293;+00098;+00101;+00055;
+00460;+00676;+17664;+02293;+00098;+00106;+00057;
+00500;+00632;+17584;+02293;+00101;+00118;+00060;
+00512;+00628;+17588;+02294;+00102;+00141;+00061;
+00452;+00652;+17692;+02293;+00100;+00141;+00058;
+00488;+00664;+17664;+02293;+00096;+00132;+00055;
+00496;+00720;+17516;+02292;+00093;+00121;+00055;
+00452;+00608;+17620;+02292;+00094;+00111;+00052;
+00516;+00592;+17660;+02292;+00092;+00111;+00047;
+00508;+00620;+17804;+02294;+00092;+00112;+00045;
+00444;+00596;+17556;+02292;+00092;+00123;+00048;
+00540;+00612;+17688;+02291;+00095;+00138;+00051;
+00504;+00704;+17544;+02290;+00098;+00143;+00053;
+00484;+00656;+17584;+02288;+00101;+00149;+00052;
+00512;+00676;+17648;+02289;+00096;+00144;+00045;
+00492;+00768;+17592;+02290;+00092;+00138;+00035;
+00436;+00688;+17660;+02291;+00087;+00127;+00019;
+00456;+00756;+17600;+02292;+00087;+00124;+00007;
+00392;+00628;+17632;+02293;+00087;+00121;+00000;
+00484;+00548;+17504;+02294;+00089;+00113;-00002;
+00496;+00648;+17676;+02294;+00086;+00103;-00003;
+00536;+00692;+17672;+02295;+00083;+00090;-00010;
+00608;+00796;+17676;+02295;+00086;+00095;-00019;
+00600;+00872;+17736;+02294;+00088;+00130;-00030;
+00532;+00628;+17624;+02292;+00084;+00165;-00049;
+00332;+00520;+17712;+02293;+00075;+00201;-00075;
+00348;+00432;+17568;+02293;+00062;+00247;-00087;
+00320;+00512;+17568;+02293;+00056;+00269;-00075;
+00320;+00568;+17652;+02294;+00059;+00263;-00048;
+00480;+00692;+17796;+02294;+00049;+00272;-00026;
+00380;+00684;+17432;+02293;+00032;+00321;-00032;
+00396;+00760;+17388;+02292;+00022;+00338;-00045;
+00456;+00856;+17672;+02293;+00025;+00296;-00049;
+00512;+00564;+17656;+02293;+00030;+00257;-00042;
+00364;+00512;+17604;+02293;+00033;+00241;-00035;
+00324;+00588;+17616;+02293;+00035;+00235;-00028;
+00364;+00704;+17660;+02293;+00030;+00235;-00017;
+00516;+00696;+17548;+02290;+00026;+00247;-00013;
+00444;+00660;+17660;+02291;+00018;+00263;-00019;
+00320;+00512;+17520;+02292;+00003;+00279;-00034;
+00212;+00444;+17748;+02292;-00009;+00278;-00040;
+00332;+00484;+17808;+02292;-00020;+00268;-00026;
+00348;+00600;+17524;+02293;-00018;+00264;+00009;
+00444;+00652;+17720;+02293;+00001;+00236;+00042;
+00356;+00580;+17680;+02292;+00031;+00196;+00054;
+00316;+00672;+17548;+02292;+00060;+00171;+00056;
+00440;+00716;+17712;+02290;+00080;+00136;+00059;
+00408;+00620;+17616;+02289;+00101;+00105;+00052;
+00508;+00588;+17668;+02290;+00127;+00067;+00053;
+00376;+00548;+17552;+02293;+00145;+00045;+00049;
+00304;+00628;+17636;+02293;+00155;+00039;+00047;
+00364;+00612;+17620;+02293;+00146;+00042;+00045;
+00412;+00632;+17644;+02293;+00129;+00059;+00039;
+00444;+00696;+17564;+02294;+00118;+00068;+00035;
+00320;+00568;+17652;+02296;+00111;+00068;+00027;
+00316;+00688;+17568;+02296;+00100;+00075;+00029;
+00376;+00544;+17728;+02295;+00078;+00092;+00040;
+00380;+00572;+17760;+02292;+00044;+00125;+00050;
+00356;+00556;+17572;+02291;+00006;+00177;+00053;
+00428;+00572;+17660;+02292;-00014;+00212;+00050;
+00456;+00788;+17660;+02293;-00010;+00203;+00053;
+00380;+00740;+17532;+02293;+00001;+00194;+00048;
+00332;+00512;+17612;+02293;-00010;+00202;+00050;
+00248;+00384;+17680;+02293;-00041;+00228;+00056;
+00364;+00564;+17532;+02295;-00079;+00270;+00071;
+00332;+00668;+17556;+02295;-00101;+00297;+00081;
+00396;+00632;+17700;+02294;-00098;+00282;+00085;
+00272;+00592;+17712;+02293;-00102;+00263;+00076;
+00144;+00464;+17588;+02292;-00115;+00264;+00055;
+00264;+00580;+17796;+02293;-00116;+00242;+00042;
+00352;+00640;+17696;+02294;-00106;+00194;+00036;
+00512;+00616;+17704;+02294;-00090;+00154;+00038;
+00348;+00644;+17756;+02294;-00080;+00135;+00041;
+00116;+00288;+17552;+02293;-00063;+00119;+00036;
+00332;+00364;+17880;+02293;-00056;+00103;+00039;
+00280;+00568;+17448;+02292;-00045;+00097;+00038;
+00228;+00668;+17380;+02291;+00022;+00019;+00046;
+00240;+00652;+17732;+02291;+00111;-00072;+00069;
-00180;+00440;+17696;+02291;+00227;-00161;+00078;
-00252;+00156;+18048;+02291;+00357;-00274;+00110;
-00796;+00296;+17888;+02292;+00461;-00352;+00172;
-00484;+00552;+17688;+02293;+00532;-00370;+00269;
+00356;+01000;+17668;+02292;+00534;-00301;+00404;
+00548;+00916;+17568;+02290;+00475;-00148;+00521;
+00776;+00592;+17388;+02290;+00393;+00016;+00594;
+01212;+00424;+17252;+02290;+00293;+00144;+00642;
+01676;+00688;+17248;+02292;+00153;+00246;+00664;
+01936;+00996;+17684;+02292;-00028;+00355;+00632;
+00448;+00612;+18020;+02291;-00180;+00443;+00518;
-00056;+00180;+17820;+02291;-00236;+00489;+00374;
+00176;+00392;+17500;+02292;-00233;+00492;+00286;
-00012;+00568;+17296;+02294;-00169;+00419;+00218;
+00236;+00528;+17616;+02295;-00091;+00307;+00186;
+00016;+00556;+17812;+02296;-00047;+00254;+00164;
-00388;+00236;+17608;+02295;-00013;+00218;+00174;
-00304;+00412;+17516;+02296;+00040;+00206;+00222;
+00168;+00708;+17684;+02297;+00106;+00157;+00304;
+00368;+00904;+17648;+02297;+00180;+00089;+00369;
+00216;+00824;+17736;+02296;+00229;+00061;+00402;
+00228;+00448;+17592;+02295;+00229;+00097;+00412;
+00132;+00144;+17704;+02294;+00169;+00190;+00432;
+00200;+00104;+17736;+02293;+00070;+00333;+00471;
+00208;+00580;+17748;+02294;-00022;+00475;+00521;
+00176;+00748;+17716;+02294;-00075;+00563;+00566;
+00404;+00808;+17816;+02295;-00112;+00641;+00608;
+00172;+00984;+18028;+02294;-00141;+00738;+00631;
+00064;+01148;+18172;+02295;-00156;+00834;+00605;
+00264;+01208;+18460;+02295;-00146;+00943;+00554;
+00364;+01256;+18516;+02294;-00089;+01100;+00486;
+00536;+01112;+18260;+02293;+00015;+01291;+00415;
+00492;+01044;+18320;+02292;+00128;+01489;+00346;
+00280;+00792;+17864;+02293;+00223;+01732;+00280;
-00020;+00304;+17900;+02293;+00257;+02004;+00235;
-00444;+00364;+17712;+02294;+00273;+02245;+00216;
-00464;+00696;+17472;+02292;+00319;+02388;+00217;
-00384;+00876;+17136;+02293;+00369;+02444;+00228;
-00488;+00936;+17380;+02291;+00407;+02448;+00228;
-00496;+00664;+17312;+02292;+00461;+02396;+00216;
-00376;+00296;+17540;+02292;+00513;+02318;+00196;
-00204;-00244;+16448;+02294;+00584;+02151;+00163;
-00188;+00432;+17636;+02294;+00647;+01833;+00136;
+00008;+00800;+17168;+02294;+00634;+01561;+00116;
+00256;+00692;+17048;+02296;+00539;+01400;+00090;
-00072;+00368;+17112;+02298;+00409;+01289;+00044;
-00628;-00184;+17264;+02297;+00284;+01190;-00017;
-01072;-00240;+17704;+02296;+00160;+01091;-00043;
-01208;+00028;+17928;+02297;+00047;+01043;-00037;
-01152;+00488;+18100;+02297;-00005;+00997;-00011;
-01028;+00664;+18352;+02294;+00006;+00935;+00029;
-01652;+00448;+18216;+02291;+00055;+00960;+00062;
-02208;+00456;+18304;+02293;+00111;+01052;+00149;
-01892;+00064;+17844;+02294;+00174;+01105;+00325;
-00568;-00168;+17368;+02294;+00254;+01103;+00548;
+00572;+00576;+16648;+02294;+00306;+01076;+00754;
+00540;+01324;+16620;+02295;+00270;+01052;+00851;
+00308;+01112;+16612;+02295;+00107;+01124;+00841;
-00452;+00752;+17280;+02294;-00162;+01259;+00764;
-01020;+00528;+17924;+02295;-00435;+01406;+00661;
-00852;+00756;+18488;+02294;-00650;+01571;+00570;
-00436;+00888;+19160;+02294;-00729;+01685;+00462;
-00048;+01284;+19808;+02293;-00613;+01707;+00323;
+00016;+01524;+19896;+02292;-00361;+01700;+00132;
-00044;+01348;+19640;+02292;-00014;+01720;-00095;
-00396;+01008;+19244;+02291;+00358;+01779;-00328;
-00928;+00524;+18532;+02291;+00723;+01846;-00562;
-01604;+00212;+17948;+02292;+01035;+01894;-00739;
-01820;+00412;+18156;+02294;+01228;+01933;-00813;
-02092;+00572;+18392;+02292;+01356;+01938;-00786;
-01692;+01028;+18248;+02291;+01477;+01900;-00693;
-01188;+01112;+17828;+02290;+01624;+01808;-00592;
-01152;+01052;+17180;+02290;+01806;+01665;-00525;
-01668;+01052;+16880;+02291;+01961;+01515;-00504;
-02296;+00892;+16624;+02291;+02005;+01433;-00506;
-03036;+00824;+16312;+02290;+01926;+01475;-00477;
-03140;+00644;+15740;+02290;+01718;+01634;-00347;
-02516;+00596;+15288;+02289;+01384;+01835;-00112;
-02072;+00512;+15080;+02290;+00957;+02001;+00158;
-01588;+00772;+15272;+02290;+00457;+02133;+00405;
-01616;+00932;+15872;+02291;-00104;+02261;+00607;
-01660;+00560;+16644;+02292;-00683;+02389;+00751;
-01360;+00308;+16964;+02292;-01208;+02486;+00848;
-01008;+00532;+17636;+02291;-01632;+02481;+00908;
-00856;+01108;+18332;+02292;-01898;+02324;+00894;
-00724;+01172;+18900;+02293;-01998;+02070;+00797;
-01128;+01112;+19108;+02291;-01969;+01857;+00630;
-01528;+00756;+19076;+02292;-01844;+01763;+00433;
-01972;+00428;+18996;+02292;-01634;+01757;+00245;
-02188;+00476;+18868;+02294;-01371;+01768;+00096;
-01716;+00672;+18856;+02294;-01061;+01770;-00003;
-01356;+00880;+18688;+02293;-00743;+01777;-00065;
-01084;+00880;+18096;+02293;-00421;+01747;-00144;
-01356;+00580;+17456;+02292;-00112;+01649;-00274;
-01748;+00556;+16684;+02292;+00121;+01502;-00419;
-02296;+00216;+16532;+02294;+00257;+01338;-00529;
-03268;-00168;+16472;+02295;+00305;+01184;-00598;
-03972;-00360;+16432;+02295;+00283;+01114;-00617;
-03996;-00236;+15744;+02293;+00203;+01160;-00552;
-03588;+00220;+15756;+02292;+00070;+01273;-00376;
-02936;+00372;+15684;+02291;-00123;+01389;-00142;
-02460;+00496;+15824;+02291;-00386;+01552;+00079;
-02448;+00656;+16620;+02291;-00704;+01699;+00269;
-02516;+00780;+17408;+02292;-01016;+01855;+00401;
-02144;+00952;+18028;+02292;-01289;+02092;+00491;
-01668;+01012;+18872;+02293;-01454;+02322;+00542;
-01364;+00988;+19168;+02294;-01424;+02403;+00519;
-01456;+00880;+18556;+02294;-01213;+02356;+00416;
-01656;+00872;+18372;+02294;-00918;+02182;+00293;
-02168;+00692;+18180;+02294;-00593;+01899;+00161;
-02916;+00400;+18444;+02294;-00258;+01574;+00035;
-03772;+00384;+19580;+02296;+00099;+01280;-00046;
-03424;-00048;+19444;+02295;+00515;+01152;-00069;
-03428;+00108;+18996;+02295;+00959;+01248;-00035;
-03084;+00468;+19756;+02294;+01425;+01467;+00024;
-03300;+00764;+20468;+02291;+01942;+01692;+00088;
-03272;+00624;+19508;+02293;+02526;+01893;+00149;
-03324;+00680;+18264;+02293;+03126;+01956;+00231;
-02964;+00780;+17568;+02293;+03666;+01826;+00331;
-02944;+00804;+16876;+02293;+04068;+01568;+00410;
-02836;+00820;+15860;+02292;+04288;+01335;+00464;
-02832;+00832;+15008;+02291;+04293;+01219;+00511;
-02920;+00864;+13808;+02290;+04073;+01183;+00544;
-03104;+00856;+13164;+02291;+03623;+01137;+00547;
-03464;+00864;+13912;+02292;+03000;+01018;+00513;
-03372;+01344;+15180;+02292;+02292;+00978;+00500;
-02344;+02128;+15980;+02290;+01527;+01144;+00468;
-01468;+02460;+17776;+02291;+00876;+01446;+00312;
-01812;+02336;+17428;+02290;+00433;+01973;-00050;
-02352;+02008;+18144;+02289;+00181;+02575;-00511;
-02992;+01456;+17800;+02290;+00075;+03171;-00987;
-03256;+01088;+17448;+02291;+00056;+03675;-01389;
-04056;+00836;+16580;+02291;+00078;+04073;-01671;
-04464;+00700;+17648;+02292;+00073;+04286;-01799;
-05060;+00528;+17120;+02294;+00066;+04237;-01796;
-05232;+00640;+16888;+02293;+00076;+03987;-01664;
-04880;+00596;+16936;+02293;+00082;+03507;-01401;
-05048;+00284;+17536;+02292;+00095;+02880;-01079;
-05108;+00332;+17520;+02293;+00121;+02273;-00756;
-04932;+00660;+17148;+02293;+00173;+01802;-00427;
-04576;+00924;+16208;+02294;+00205;+01508;-00101;
-04000;+01192;+16064;+02293;+00142;+01371;+00205;
-03700;+01340;+16524;+02293;-00028;+01323;+00473;
-03964;+01304;+16872;+02294;-00264;+01356;+00653;
-04020;+01300;+17304;+02293;-00526;+01502;+00784;
-03832;+01248;+17572;+02292;-00789;+01705;+00897;
-04176;+01280;+17600;+02292;-00996;+01935;+00947;
-03872;+01268;+17868;+02292;-01100;+02139;+00950;
-03856;+01488;+17848;+02291;-01113;+02187;+00927;
-04012;+01496;+16820;+02292;-01032;+02253;+00863;
-04308;+01452;+17492;+02291;-00899;+02301;+00805;
-04508;+01260;+17572;+02291;-00724;+02279;+00749;
-04840;+01340;+17452;+02292;-00519;+02295;+00700;
-05060;+01292;+16992;+02291;-00306;+02338;+00683;
-05024;+00972;+17536;+02293;-00123;+02430;+00686;
-05132;+01060;+17568;+02292;+00020;+02563;+00709;
-05152;+01168;+17356;+02291;+00162;+02731;+00745;
-05060;+01192;+17328;+02290;+00281;+02869;+00799;
-04616;+01232;+17164;+02291;+00378;+02949;+00859;
-04204;+01348;+16720;+02291;+00445;+02973;+00908;
-04096;+01424;+16556;+02293;+00471;+02981;+00896;
-04448;+01408;+16216;+02292;+00477;+02980;+00804;
-04520;+01380;+16620;+02291;+00475;+02943;+00671;
-04708;+01528;+16700;+02292;+00459;+02891;+00519;
-04824;+01416;+16768;+02291;+00444;+02851;+00344;
-05072;+01540;+17048;+02291;+00439;+02863;+00162;
-05680;+01428;+17364;+02292;+00439;+02992;-00005;
-06224;+01096;+17592;+02292;+00447;+03259;-00124;
-06040;+01136;+17240;+02292;+00500;+03587;-00167;
-05628;+01244;+17176;+02292;+00623;+03870;-00154;
-05036;+01552;+16532;+02292;+00759;+04022;-00097;
-04892;+01504;+16312;+02291;+00858;+03972;-00035;
-05176;+01304;+15904;+02291;+00915;+03706;-00008;
-05548;+01176;+15812;+02291;+00941;+03291;-00010;
-05476;+01012;+15836;+02290;+00938;+02877;-00030;
-05332;+01032;+15816;+02291;+00920;+02545;-00055;
-05312;+01076;+15640;+02291;+00898;+02319;-00112;
-05844;+01228;+15428;+02291;+00893;+02225;-00216;
-06160;+01196;+15996;+02293;+00861;+02302;-00333;
-06460;+01176;+15828;+02291;+00773;+02522;-00404;
-06784;+01064;+15968;+02289;+00647;+02777;-00400;
-07012;+00840;+16048;+02289;+00529;+03015;-00326;
-07132;+00672;+15804;+02290;+00440;+03227;-00191;
-06944;+00684;+15736;+02290;+00377;+03356;-00001;
-06816;+00864;+15540;+02290;+00350;+03295;+00216;
-06556;+01240;+16052;+02291;+00348;+03084;+00422;
-06176;+01624;+15876;+02290;+00361;+02826;+00602;
-05912;+01696;+16004;+02289;+00397;+02617;+00722;
-06148;+01764;+16304;+02289;+00443;+02503;+00785;
-06644;+01740;+16460;+02290;+00507;+02526;+00798;
-07168;+01760;+16124;+02291;+00598;+02680;+00784;
-07236;+01672;+15864;+02289;+00687;+02918;+00794;
-07256;+01632;+16004;+02290;+00778;+03162;+00841;
-07216;+01600;+15752;+02291;+00892;+03382;+00914;
-06896;+01584;+15296;+02290;+00985;+03594;+01004;
-06540;+01680;+15196;+02291;+01000;+03793;+01090;
-06028;+01816;+15260;+02289;+00924;+03930;+01133;
-05640;+01740;+15508;+02289;+00767;+03947;+01103;
-05792;+01880;+15248;+02291;+00588;+03793;+00968;
-06324;+01784;+15088;+02292;+00406;+03573;+00745;
-07068;+01636;+15272;+02292;+00224;+03340;+00496;
-07576;+01528;+14980;+02291;+00044;+03148;+00278;
-07820;+01372;+15176;+02290;-00139;+03016;+00118;
-08456;+01096;+15604;+02290;-00338;+02944;+00019;
-09032;+00960;+16004;+02290;-00520;+02920;-00031;
-08976;+01080;+16148;+02290;-00646;+02952;-00020;
-08532;+01480;+15996;+02290;-00763;+03085;+00035;
-07736;+01848;+15464;+02290;-00867;+03301;+00086;
-07276;+01956;+15652;+02290;-00961;+03485;+00100;
-07440;+01908;+15940;+02289;-01024;+03549;+00046;
-08120;+01812;+16552;+02290;-01039;+03576;-00083;
-08372;+01904;+16300;+02292;-00988;+03643;-00244;
-08756;+01920;+16328;+02293;-00866;+03744;-00371;
-08944;+01524;+15972;+02291;-00726;+03924;-00440;
-09280;+01244;+16132;+02290;-00583;+04134;-00423;
-09512;+00952;+15900;+02289;-00436;+04323;-00349;
-10344;+00848;+14816;+02288;-00287;+04423;-00270;
-10188;+01076;+14192;+02289;-00085;+04404;-00158;
-09764;+01280;+14856;+02287;+00087;+04241;+00045;
-09304;+01448;+14912;+02286;+00253;+03861;+00330;
-09252;+01360;+15244;+02288;+00388;+03340;+00627;
-09612;+01204;+14904;+02289;+00498;+02832;+00912;
-09332;+01100;+15096;+02291;+00600;+02463;+01208;
-08656;+01328;+14940;+02292;+00696;+02259;+01502;
-07692;+01676;+14824;+02292;+00731;+02177;+01773;
-07112;+01716;+14804;+02292;+00692;+02148;+01963;
-07052;+01568;+14936;+02291;+00607;+02151;+02023;
-07212;+01284;+14864;+02290;+00528;+02157;+01960;
-07356;+01276;+14600;+02292;+00477;+02149;+01816;
-07240;+01504;+14496;+02291;+00419;+02101;+01614;
-07260;+01664;+14192;+02293;+00340;+02046;+01357;
-07716;+01748;+15004;+02292;+00242;+01957;+01049;
-08184;+01888;+15128;+02294;+00187;+01834;+00716;
-08168;+02216;+14752;+02292;+00182;+01774;+00396;
-08304;+02028;+15264;+02290;+00206;+01802;+00091;
-09044;+01596;+15840;+02290;+00252;+01955;-00223;
-09848;+01284;+15784;+02290;+00376;+02238;-00535;
-10160;+01260;+14836;+02290;+00577;+02669;-00792;
-10284;+01436;+13816;+02291;+00767;+03196;-00929;
-10240;+01644;+12912;+02290;+00874;+03660;-00945;
-10448;+01532;+13020;+02291;+00844;+03900;-00853;
-10804;+01184;+13140;+02293;+00721;+03942;-00686;
-10960;+01300;+13500;+02292;+00587;+03826;-00437;
-10832;+01672;+13180;+02292;+00463;+03628;-00128;
-10720;+01892;+13272;+02292;+00331;+03454;+00196;
-10644;+02028;+13576;+02291;+00171;+03352;+00506;
-10236;+02076;+13848;+02292;-00014;+03383;+00784;
-09820;+02080;+14724;+02293;-00161;+03496;+00998;
-09588;+02204;+15336;+02292;-00192;+03664;+01092;
-09444;+02460;+14680;+02292;-00092;+03990;+01070;
-09680;+02528;+13632;+02291;+00049;+04439;+00963;
-09984;+02344;+12740;+02290;+00127;+04848;+00810;
-10392;+01952;+12748;+02290;+00054;+05118;+00688;
-10776;+01716;+13376;+02290;-00175;+05142;+00650;
-10912;+01556;+14108;+02290;-00478;+04961;+00693;
-10892;+01640;+14900;+02290;-00747;+04682;+00787;
-10564;+01884;+15268;+02289;-00888;+04382;+00880;
-10284;+02052;+15892;+02288;-00860;+04145;+00912;
-10084;+02188;+15796;+02288;-00668;+04124;+00841;
-09880;+02432;+14696;+02289;-00366;+04463;+00667;
-09868;+02360;+13348;+02289;-00064;+05030;+00418;
-10260;+02072;+12400;+02288;+00121;+05502;+00153;
-11172;+01568;+12732;+02289;+00174;+05747;-00080;
-11748;+01132;+12720;+02290;+00152;+05811;-00232;
-11756;+01000;+12580;+02291;+00107;+05651;-00262;
-11652;+01148;+12508;+02292;+00043;+05295;-00191;
-11580;+01400;+12180;+02292;-00028;+04818;-00079;
-11552;+01672;+12424;+02292;-00138;+04323;+00025;
-11632;+01596;+12688;+02293;-00250;+03891;+00082;
-11692;+01748;+12540;+02292;-00327;+03578;+00094;
-11512;+01868;+12808;+02292;-00391;+03398;+00076;
-11512;+01860;+12700;+02292;-00443;+03387;+00004;
-11584;+01788;+12700;+02290;-00480;+03532;-00140;
-11692;+01848;+11856;+02291;-00504;+03753;-00326;
-11940;+01796;+11456;+02292;-00603;+03950;-00497;
-12508;+01500;+11188;+02290;-00830;+04093;-00610;
-13032;+01192;+11780;+02289;-01161;+04108;-00644;
-13256;+00724;+12492;+02288;-01517;+04004;-00591;
-13248;+00732;+12524;+02288;-01792;+03916;-00463;
-12656;+01120;+12928;+02288;-01933;+03783;-00280;
-11940;+01540;+12856;+02287;-01925;+03644;-00119;
-11772;+01688;+13052;+02288;-01801;+03569;-00038;
-11656;+01812;+12960;+02289;-01555;+03553;-00051;
-11980;+01804;+12580;+02290;-01207;+03616;-00150;
-12044;+01680;+12748;+02289;-00794;+03784;-00298;
-12064;+01680;+11544;+02289;-00394;+04105;-00464;
-11984;+01452;+11080;+02290;-00118;+04630;-00637;
-12184;+01192;+09124;+02289;+00003;+05190;-00798;
-12412;+00864;+09432;+02288;-00014;+05493;-00913;
-12792;+00616;+09116;+02288;-00143;+05498;-00937;
-13120;+00344;+09572;+02289;-00348;+05236;-00847;
-13612;-00028;+10232;+02289;-00617;+04754;-00652;
-13892;-00232;+11040;+02289;-00886;+04195;-00395;
-13776;+00144;+11232;+02289;-01063;+03736;-00106;
-13212;+00668;+10240;+02290;-01153;+03478;+00186;
-12768;+01300;+11068;+02291;-01191;+03305;+00429;
-12080;+01740;+11372;+02293;-01165;+03139;+00568;
-11820;+01960;+11548;+02292;-01057;+03128;+00566;
-11728;+02120;+11856;+02293;-00817;+03210;+00399;
-12000;+02244;+11228;+02293;-00445;+03346;+00085;
-12432;+02092;+10744;+02293;-00046;+03486;-00288;
-12908;+01744;+10568;+02293;+00282;+03618;-00635;
-13224;+01548;+10656;+02294;+00483;+03729;-00882;
-13528;+01320;+10160;+02292;+00532;+03913;-01020;
-13800;+00956;+09772;+02293;+00453;+04125;-01073;
-14588;+00364;+10348;+02293;+00315;+04170;-01043;
-14896;+00248;+11020;+02291;+00249;+04009;-00929;
-14588;+00528;+10940;+02290;+00339;+03742;-00736;
-13996;+01152;+10012;+02290;+00540;+03526;-00479;
-13392;+01516;+09356;+02291;+00750;+03337;-00211;
-13148;+01632;+09488;+02291;+00900;+03159;+00005;
-13188;+01376;+10052;+02290;+00977;+03034;+00134;
-13236;+01236;+09708;+02291;+01012;+03044;+00181;
-12812;+00676;+09892;+02292;+01020;+03185;+00190;
-12696;+01568;+08476;+02291;+00981;+03456;+00178;
-12484;+01440;+08060;+02290;+00873;+03724;+00141;
-12992;+00784;+08076;+02290;+00645;+03816;+00050;
-14020;+00028;+09096;+02290;+00375;+03660;-00076;
-15072;-00324;+10140;+02292;+00122;+03399;-00180;
-15220;-00168;+10344;+02292;-00020;+03240;-00210;
-14796;+00448;+10004;+02294;-00032;+03227;-00150;
-14324;+01060;+09056;+02293;+00037;+03359;-00049;
-14300;+01472;+08324;+02292;+00081;+03555;+00054;
-14212;+01500;+07828;+02292;+00031;+03734;+00158;
-14236;+01436;+07936;+02292;-00131;+03848;+00281;
-14792;+00916;+08668;+02292;-00400;+03874;+00391;
-14936;+00652;+09944;+02289;-00661;+03845;+00470;
-14664;+00848;+11112;+02288;-00788;+03820;+00552;
-14416;+01236;+11852;+02289;-00693;+03796;+00625;
-14320;+01800;+10992;+02288;-00364;+03804;+00645;
-14140;+02140;+09832;+02290;+00086;+03891;+00618;
-13708;+02256;+08592;+02290;+00490;+04091;+00554;
-13368;+02024;+07656;+02289;+00741;+04353;+00433;
-13960;+01384;+07804;+02290;+00805;+04559;+00256;
-14564;+00780;+08596;+02289;+00706;+04654;+00056;
-14552;+00620;+08400;+02289;+00574;+04730;-00123;
-14560;+00732;+07544;+02290;+00479;+04840;-00270;
-14684;+00848;+07440;+02290;+00403;+04942;-00402;
-15088;+00936;+07064;+02290;+00344;+05008;-00535;
-15084;+01028;+06412;+02289;+00325;+04963;-00651;
-15092;+01196;+06552;+02288;+00322;+04792;-00709;
-14768;+01084;+07148;+02290;+00290;+04526;-00698;
-14512;+00852;+07588;+02290;+00216;+04186;-00635;
-14356;+00840;+07356;+02290;+00116;+03890;-00546;
-14336;+00888;+07404;+02289;-00046;+03685;-00464;
-14688;+00916;+07892;+02289;-00228;+03522;-00425;
-15124;+01168;+07712;+02289;-00355;+03446;-00447;
-15572;+01008;+07540;+02289;-00408;+03491;-00500;
-15864;+00852;+07116;+02288;-00405;+03590;-00527;
-15712;+00828;+06736;+02287;-00365;+03636;-00498;
-15464;+00756;+06820;+02288;-00336;+03602;-00423;
-15712;+00620;+06696;+02288;-00340;+03553;-00324;
-15288;+00952;+06592;+02288;-00392;+03518;-00205;
-14672;+01252;+06872;+02288;-00477;+03493;-00089;
-14444;+01288;+06336;+02290;-00582;+03460;-00013;

-15044;+01032;+06496;+02289;-00709;+03421;+00006;
-16160;+00912;+06500;+02289;-00812;+03377;-00014;
-16180;+00956;+07060;+02286;-00827;+03354;-00019;
-15768;+00992;+06628;+02289;-00738;+03406;+00004;
-15428;+00988;+06424;+02290;-00585;+03501;+00024;
-15360;+00792;+05940;+02289;-00425;+03586;+00031;
-15752;+00628;+05740;+02288;-00311;+03634;+00031;
-15892;+00784;+05728;+02289;-00251;+03613;+00056;
-15648;+00828;+05952;+02286;-00245;+03535;+00102;
-15520;+00944;+06204;+02288;-00252;+03440;+00140;
-15540;+00948;+05640;+02288;-00232;+03389;+00145;
-15768;+00792;+05412;+02288;-00192;+03342;+00130;
-16084;+00732;+05744;+02288;-00171;+03211;+00133;
-16020;+00732;+06036;+02288;-00138;+03008;+00163;
-15928;+00724;+06476;+02287;-00064;+02857;+00225;
-15928;+00916;+06368;+02288;+00057;+02844;+00285;
-15900;+01008;+05772;+02287;+00241;+02941;+00323;
-15848;+01096;+05656;+02286;+00472;+03074;+00333;
-15944;+01072;+05560;+02285;+00702;+03194;+00328;
-15940;+00992;+05436;+02285;+00897;+03278;+00337;
-15712;+00832;+05416;+02286;+01031;+03341;+00371;
-15412;+00940;+05132;+02287;+01098;+03372;+00428;
-15076;+00944;+04524;+02286;+01113;+03358;+00487;
-15340;+00880;+04448;+02285;+01085;+03262;+00528;
-15556;+00980;+04488;+02287;+01051;+03081;+00539;
-15756;+00792;+04684;+02286;+01031;+02858;+00531;
-15860;+01008;+04948;+02287;+01017;+02657;+00515;
-15556;+01280;+05116;+02287;+01008;+02514;+00503;
-15544;+01244;+05508;+02286;+00992;+02437;+00456;
-15784;+01412;+05228;+02287;+01001;+02483;+00362;
-15952;+01360;+04536;+02287;+01050;+02625;+00264;
-15836;+01336;+04188;+02288;+01107;+02737;+00199;
-15696;+01112;+04176;+02288;+01136;+02758;+00178;
-15592;+00908;+04040;+02288;+01112;+02750;+00184;
-15636;+00624;+03972;+02289;+01021;+02671;+00201;
-15620;+00716;+03456;+02289;+00863;+02573;+00219;
-15544;+00788;+03240;+02289;+00643;+02441;+00245;
-15580;+00732;+03528;+02288;+00367;+02228;+00272;
-15820;+01088;+03844;+02289;+00093;+01964;+00286;
-15904;+01320;+04396;+02289;-00132;+01709;+00276;
-15800;+01680;+04268;+02289;-00267;+01525;+00265;
-15888;+01448;+04832;+02290;-00333;+01397;+00255;
-16000;+01328;+05036;+02288;-00357;+01392;+00224;
-15784;+01296;+04916;+02287;-00345;+01511;+00177;
-15724;+01204;+04464;+02289;-00335;+01703;+00126;
-15644;+01420;+03964;+02287;-00359;+01871;+00094;
-15784;+01236;+04372;+02288;-00432;+01915;+00092;
-15988;+01136;+04452;+02288;-00535;+01864;+00094;
-16076;+01032;+03540;+02288;-00619;+01874;+00076;
-16480;+00872;+04088;+02289;-00694;+01857;+00065;
-16472;+00940;+03788;+02290;-00757;+01873;+00056;
-16120;+01324;+03864;+02290;-00794;+01920;+00073;
-15992;+01528;+04152;+02289;-00809;+01924;+00090;
-16056;+01216;+04200;+02288;-00805;+01915;+00093;
-15992;+01212;+04280;+02288;-00789;+01910;+00087;
-15732;+01244;+04336;+02287;-00771;+01928;+00079;
-15908;+01224;+04388;+02287;-00743;+01958;+00061;
-16316;+00904;+04012;+02288;-00698;+02004;+00028;
-16296;+00968;+03740;+02288;-00639;+02077;+00015;
-16004;+00876;+03328;+02286;-00579;+02148;+00017;
-15904;+00816;+03032;+02287;-00524;+02173;+00020;
-15952;+01172;+03144;+02286;-00490;+02137;+00027;
-16132;+00936;+03588;+02286;-00473;+02067;+00023;
-16008;+00960;+03332;+02286;-00434;+01997;+00031;
-15848;+01236;+03192;+02287;-00367;+01935;+00045;
-15888;+01360;+03228;+02288;-00304;+01858;+00056;
-15984;+01252;+03252;+02288;-00245;+01783;+00052;
-16024;+01412;+03172;+02286;-00173;+01714;+00035;
-16072;+01252;+03384;+02288;-00079;+01626;+00007;
-16352;+01052;+03360;+02286;+00025;+01542;-00020;
-16332;+00912;+03036;+02286;+00128;+01489;-00034;
-16116;+00744;+02608;+02288;+00215;+01433;-00024;
-16056;+00628;+02444;+02288;+00278;+01353;+00001;
-16044;+00716;+02532;+02288;+00291;+01250;+00027;
-16420;+00696;+02744;+02288;+00249;+01145;+00053;
-16496;+00960;+02788;+02288;+00172;+01067;+00071;
-16264;+01292;+03164;+02286;+00098;+01006;+00083;
-16032;+01388;+03156;+02286;+00068;+00935;+00086;
-16040;+01180;+02976;+02286;+00092;+00868;+00064;
-16124;+00956;+03288;+02286;+00117;+00789;+00042;
-16232;+00840;+03380;+02284;+00128;+00755;+00034;
-16264;+00908;+03092;+02285;+00124;+00776;+00051;
-16392;+00956;+03092;+02285;+00120;+00838;+00086;
-16460;+00892;+03184;+02286;+00104;+00912;+00131;
-16300;+01036;+02676;+02286;+00096;+00986;+00184;
-16152;+01048;+02780;+02286;+00074;+01031;+00219;
-16228;+01012;+02980;+02286;+00026;+01057;+00236;
-16248;+00916;+02748;+02286;-00019;+01097;+00240;
-16156;+00880;+02500;+02287;-00052;+01140;+00250;
-16228;+00992;+02468;+02287;-00103;+01177;+00269;
-16272;+01256;+02568;+02286;-00184;+01189;+00281;
-16340;+01396;+02836;+02286;-00263;+01172;+00277;
-16272;+01644;+02856;+02285;-00306;+01132;+00257;
-16244;+01652;+02636;+02285;-00283;+01066;+00225;
-16188;+01328;+02932;+02287;-00221;+00979;+00201;
-16152;+01080;+02992;+02288;-00144;+00913;+00193;
-16008;+00996;+02676;+02286;-00072;+00893;+00198;
-16028;+01040;+02572;+02286;-00026;+00906;+00206;
-15988;+01400;+02308;+02287;-00004;+00915;+00202;
-16004;+01512;+02284;+02286;+00016;+00885;+00173;
-16224;+01380;+02492;+02285;+00037;+00805;+00102;
-16388;+01140;+02856;+02287;+00058;+00706;+00020;
-16276;+01020;+03076;+02287;+00070;+00644;-00044;
-16144;+01064;+02732;+02288;+00088;+00647;-00085;
-16236;+01048;+02072;+02288;+00124;+00673;-00114;
-16180;+01160;+02048;+02286;+00168;+00635;-00128;
-15948;+01212;+02264;+02286;+00198;+00531;-00137;
-16244;+01044;+02852;+02285;+00194;+00414;-00156;
-16708;+00832;+02944;+02285;+00157;+00360;-00188;
-16832;+00804;+02988;+02288;+00102;+00397;-00197;
-16576;+00948;+02668;+02290;+00040;+00491;-00167;
-16316;+01116;+02524;+02291;-00002;+00596;-00106;
-16172;+01180;+02268;+02290;+00009;+00671;-00039;
-16128;+01048;+02460;+02292;+00045;+00687;+00007;
-16024;+01140;+02992;+02294;+00088;+00658;+00042;
-16048;+01080;+03272;+02294;+00124;+00645;+00069;
-16160;+00900;+03032;+02293;+00158;+00706;+00082;
-16056;+00976;+02328;+02292;+00197;+00818;+00086;
-16028;+00760;+02476;+02292;+00211;+00914;+00082;
-16328;+00836;+02332;+02293;+00197;+00985;+00072;
-16632;+00892;+01588;+02292;+00184;+01045;+00070;
-16560;+00956;+01316;+02292;+00191;+01034;+00077;
-16396;+01024;+01724;+02290;+00191;+00916;+00101;
-16372;+01112;+02212;+02290;+00162;+00764;+00129;
-16280;+01036;+02608;+02289;+00110;+00649;+00151;
-16316;+01080;+02416;+02289;+00057;+00599;+00173;
-16280;+01108;+02472;+02291;+00009;+00615;+00200;
-16120;+01212;+02428;+02291;-00016;+00658;+00227;
-15976;+01344;+01940;+02290;-00001;+00685;+00237;
-16104;+01280;+02012;+02288;+00035;+00663;+00218;
-16356;+01216;+01956;+02286;+00071;+00605;+00180;
-16444;+01248;+01940;+02287;+00087;+00533;+00146;
-16348;+01180;+02136;+02288;+00082;+00457;+00135;
-16156;+01272;+02100;+02289;+00077;+00390;+00149;
-16232;+01220;+02224;+02288;+00076;+00347;+00156;
-16344;+01348;+02208;+02287;+00078;+00325;+00156;
-16072;+01600;+02140;+02286;+00103;+00318;+00154;
-15920;+01584;+02244;+02287;+00158;+00296;+00133;
-16024;+01540;+02340;+02287;+00237;+00244;+00096;
-16060;+01360;+02172;+02287;+00328;+00195;+00050;
-16084;+01064;+01884;+02288;+00421;+00143;+00005;
-15992;+00892;+02124;+02287;+00479;+00091;-00029;
-16308;+00676;+02364;+02287;+00490;+00061;-00059;
-16452;+00836;+02152;+02286;+00478;+00064;-00075;
-16576;+01036;+02120;+02288;+00442;+00075;-00073;
-16676;+01168;+02420;+02288;+00393;+00083;-00057;
-16468;+01064;+02512;+02289;+00360;+00098;-00029;
-16544;+00952;+02168;+02287;+00349;+00123;+00002;
-16492;+00876;+02168;+02287;+00329;+00141;+00034;
-16560;+00968;+02332;+02286;+00281;+00173;+00064;
-16612;+00992;+02340;+02288;+00227;+00217;+00103;
-16568;+01220;+02180;+02288;+00186;+00268;+00148;
-16612;+01348;+02136;+02289;+00156;+00303;+00194;
-16744;+01108;+02368;+02287;+00129;+00308;+00237;
-16692;+01036;+02472;+02286;+00120;+00302;+00293;
-16328;+01040;+02448;+02288;+00137;+00304;+00373;
-15956;+01136;+02264;+02287;+00170;+00331;+00445;
-15796;+01116;+02088;+02288;+00211;+00361;+00485;
-15988;+01148;+01956;+02288;+00253;+00370;+00497;
-16120;+01088;+02108;+02288;+00290;+00355;+00497;
-16216;+01120;+02028;+02288;+00321;+00327;+00497;
-16112;+01284;+01968;+02287;+00346;+00304;+00496;
-15988;+01316;+02184;+02286;+00378;+00281;+00499;
-15984;+01408;+02356;+02286;+00411;+00259;+00494;
-16036;+01268;+02352;+02287;+00447;+00263;+00485;
-16104;+01224;+01980;+02288;+00478;+00291;+00473;
-16192;+01256;+01964;+02289;+00487;+00318;+00445;
-16204;+01296;+01992;+02286;+00473;+00330;+00411;
-16348;+01228;+01688;+02286;+00459;+00341;+00367;
-16344;+01352;+01616;+02287;+00456;+00322;+00324;
-16304;+01280;+01796;+02287;+00451;+00267;+00295;
-16492;+01140;+01980;+02287;+00430;+00208;+00280;
-16380;+01148;+02152;+02287;+00386;+00181;+00292;
-16224;+01292;+02260;+02287;+00317;+00182;+00321;
-16264;+01380;+02268;+02287;+00248;+00205;+00337;
-16292;+01528;+02116;+02288;+00205;+00245;+00340;
-16296;+01524;+01764;+02288;+00198;+00277;+00339;
-16188;+01512;+01684;+02287;+00218;+00265;+00334;
-16068;+01428;+01920;+02289;+00248;+00216;+00329;
-16132;+01416;+02000;+02289;+00263;+00158;+00326;
-16012;+01436;+02312;+02289;+00260;+00117;+00319;
-16276;+01396;+02488;+02289;+00241;+00116;+00303;
-16524;+01436;+02236;+02289;+00221;+00184;+00294;
-16444;+01360;+01868;+02289;+00202;+00292;+00301;
-16228;+01488;+01352;+02288;+00192;+00387;+00319;
-16180;+01492;+01508;+02287;+00196;+00402;+00337;
-16036;+01568;+01888;+02287;+00193;+00345;+00343;
-16048;+01508;+02000;+02286;+00183;+00273;+00323;
-16108;+01424;+02224;+02286;+00164;+00225;+00285;
-15932;+01484;+02124;+02285;+00134;+00210;+00249;
-16020;+01332;+02156;+02287;+00088;+00223;+00207;
-16096;+01228;+01848;+02287;+00042;+00252;+00158;
-16172;+01184;+01456;+02288;+00011;+00261;+00103;
-16320;+01260;+01796;+02287;-00018;+00210;+00050;
-16480;+01424;+02272;+02287;-00058;+00145;+00011;
-16296;+01668;+02096;+02289;-00077;+00103;-00017;
-16392;+01628;+02360;+02291;-00079;+00073;-00036;
-16468;+01432;+02192;+02288;-00072;+00067;-00048;
-16352;+01436;+01988;+02288;-00047;+00084;-00048;
-16032;+01220;+01828;+02288;-00023;+00099;-00042;
-15840;+01272;+01864;+02287;-00001;+00087;-00036;
-16000;+01288;+01940;+02286;+00023;+00054;-00047;
-16160;+01240;+01904;+02287;+00054;+00009;-00065;
-16388;+01340;+02064;+02285;+00082;-00035;-00086;
-16436;+01300;+01904;+02286;+00117;-00063;-00100;
-16404;+01312;+01848;+02286;+00155;-00084;-00095;
-16176;+01316;+01928;+02284;+00186;-00109;-00080;
-16172;+01308;+02208;+02284;+00202;-00135;-00062;
-16192;+01280;+02208;+02284;+00200;-00144;-00046;
-16216;+01328;+02244;+02285;+00189;-00137;-00039;
-16228;+01204;+02176;+02284;+00177;-00111;-00038;
-16192;+01224;+02052;+02285;+00181;-00072;-00041;
-16196;+01224;+01844;+02285;+00191;-00056;-00044;
-16140;+01232;+01996;+02285;+00200;-00058;-00044;
-16124;+01204;+01904;+02285;+00198;-00071;-00044;
-16300;+01184;+01916;+02284;+00199;-00093;-00052;
-16528;+01064;+02296;+02284;+00202;-00130;-00061;
-16456;+01192;+02492;+02282;+00204;-00165;-00051;
-16372;+01220;+02656;+02282;+00213;-00170;-00027;
-16264;+01284;+02348;+02284;+00225;-00126;-00002;
-16300;+01212;+02252;+02286;+00239;-00060;+00020;
-16300;+01296;+01948;+02285;+00254;-00008;+00045;
-16340;+01344;+02108;+02285;+00269;+00019;+00073;
-16296;+01416;+02192;+02287;+00285;+00023;+00103;
-16072;+01464;+02080;+02287;+00318;+00013;+00131;
-16220;+01412;+02108;+02286;+00361;-00008;+00139;
-16456;+01376;+02188;+02285;+00395;-00033;+00143;
-16516;+01268;+02260;+02287;+00421;-00049;+00148;
-16464;+01332;+02052;+02286;+00436;-00048;+00170;
-16344;+01356;+01740;+02287;+00458;-00037;+00196;
-16188;+01272;+01916;+02287;+00462;-00040;+00226;
-16028;+01364;+01996;+02286;+00441;-00032;+00250;
-15980;+01220;+01872;+02287;+00400;-00013;+00256;
-16124;+01172;+01904;+02289;+00345;+00000;+00243;
-16028;+01312;+02004;+02288;+00271;+00018;+00226;
-16112;+01400;+01984;+02288;+00192;+00038;+00203;
-16356;+01520;+02188;+02288;+00129;+00055;+00170;
-16428;+01520;+01928;+02287;+00099;+00067;+00147;
-16428;+01560;+02084;+02286;+00080;+00061;+00139;
-16312;+01528;+02264;+02286;+00059;+00059;+00140;
-16184;+01404;+02232;+02285;+00042;+00075;+00137;
-16016;+01512;+02316;+02285;+00037;+00100;+00123;
-16012;+01428;+02344;+02284;+00030;+00118;+00099;
-16064;+01352;+01988;+02284;+00028;+00152;+00065;
-16060;+01436;+01880;+02285;+00029;+00182;+00029;
-16348;+01244;+01904;+02287;+00018;+00194;-00006;
-16248;+01292;+02392;+02287;-00015;+00217;-00022;
-16008;+01464;+02600;+02287;-00058;+00281;-00025;
-16008;+01420;+02468;+02288;-00097;+00367;-00032;
-16192;+01328;+02584;+02288;-00115;+00468;-00048;
-16252;+01260;+01748;+02288;-00101;+00576;-00063;
-16136;+01328;+01544;+02288;-00079;+00618;-00075;
-16256;+01276;+01672;+02287;-00053;+00600;-00084;
-16404;+01312;+01828;+02286;-00033;+00544;-00092;
-16472;+01404;+02404;+02286;-00034;+00468;-00083;
-16548;+01344;+02552;+02287;-00044;+00440;-00063;
-16624;+01052;+01920;+02288;-00051;+00499;-00031;
-16508;+01240;+01444;+02287;-00044;+00579;+00015;
-16252;+01044;+01672;+02287;-00060;+00612;+00067;
-16200;+00968;+01812;+02288;-00106;+00618;+00115;
-16128;+01056;+02076;+02289;-00172;+00605;+00153;
-16204;+01084;+02348;+02289;-00256;+00609;+00176;
-16460;+01208;+02100;+02289;-00326;+00652;+00188;
-16516;+01368;+01704;+02289;-00358;+00688;+00205;
-16256;+01612;+01592;+02288;-00336;+00669;+00224;
-16252;+01484;+01588;+02290;-00258;+00571;+00235;
-16424;+01484;+02244;+02291;-00178;+00427;+00237;
-16380;+01440;+02624;+02289;-00109;+00319;+00257;
-16184;+01532;+02112;+02288;-00037;+00303;+00283;
-15804;+01540;+01888;+02288;+00040;+00322;+00300;
-15664;+01612;+01888;+02289;+00121;+00315;+00293;
-15924;+01440;+01480;+02288;+00210;+00274;+00255;
-16128;+01404;+01448;+02289;+00288;+00203;+00195;
-16296;+01384;+01460;+02288;+00339;+00127;+00144;
-16288;+01480;+01676;+02289;+00368;+00049;+00110;
-16248;+01496;+02068;+02288;+00377;-00020;+00093;
-16212;+01480;+02348;+02286;+00364;-00059;+00084;
-16396;+01424;+01992;+02287;+00344;-00050;+00071;
-16324;+01300;+01848;+02287;+00335;-00006;+00056;
-16200;+01308;+01808;+02286;+00332;+00026;+00044;
-16004;+01288;+01712;+02286;+00330;+00050;+00035;
-16072;+01428;+01512;+02284;+00324;+00067;+00021;
-16184;+01344;+01512;+02283;+00306;+00054;-00009;
-16216;+01324;+02128;+02283;+00255;+00017;-00035;
-16308;+01256;+02544;+02285;+00190;+00003;-00059;
-16500;+01100;+02376;+02287;+00143;+00040;-00074;
-16572;+01180;+01708;+02288;+00138;+00115;-00065;
-16460;+01248;+01504;+02288;+00151;+00157;-00037;
-16340;+01168;+02104;+02288;+00150;+00145;+00003;
-16472;+01200;+02692;+02287;+00123;+00147;+00045;
-16748;+01300;+02276;+02288;+00084;+00233;+00094;
-16664;+01440;+02092;+02289;+00042;+00368;+00157;
-16372;+01540;+02016;+02290;-00003;+00499;+00213;
-16300;+01508;+01720;+02290;-00030;+00617;+00256;
-16280;+01376;+01632;+02287;-00029;+00692;+00290;
-16192;+01268;+01468;+02287;-00010;+00708;+00321;
-16016;+01356;+01812;+02286;+00015;+00686;+00352;
-15888;+01400;+01968;+02287;+00030;+00665;+00370;
-15848;+01576;+01748;+02288;+00029;+00678;+00368;
-16020;+01480;+01916;+02286;+00002;+00719;+00335;
-16360;+01440;+01848;+02285;-00051;+00777;+00288;
-16392;+01576;+01312;+02285;-00100;+00845;+00244;
-16260;+01576;+01528;+02286;-00128;+00873;+00212;
-16132;+01560;+01024;+02285;-00109;+00853;+00187;
-15940;+01620;+01380;+02285;-00066;+00777;+00171;
-15852;+01576;+01656;+02284;-00025;+00680;+00153;
-16028;+01528;+01780;+02286;+00006;+00609;+00127;
-16096;+01420;+01400;+02286;+00034;+00570;+00098;
-16196;+01372;+01428;+02286;+00055;+00537;+00068;
-16028;+01452;+01488;+02284;+00069;+00495;+00040;
-16028;+01552;+01468;+02286;+00076;+00465;+00005;
-16120;+01560;+01584;+02286;+00079;+00441;-00035;
-16256;+01528;+01748;+02286;+00075;+00418;-00080;

-16336;+01696;+01800;+02286;+00070;+00398;-00127;
-16224;+01756;+01896;+02284;+00072;+00387;-00169;
-16348;+01440;+01980;+02285;+00070;+00398;-00206;
-16400;+01340;+01536;+02285;+00077;+00444;-00234;
-16316;+01296;+01088;+02285;+00108;+00491;-00242;
-16148;+01336;+01160;+02284;+00153;+00485;-00231;
-16256;+01188;+01436;+02284;+00190;+00442;-00214;
-16476;+01184;+01556;+02283;+00208;+00407;-00198;
-16492;+01156;+01988;+02284;+00190;+00407;-00176;
-16360;+01384;+01576;+02285;+00150;+00462;-00151;
-16420;+01488;+01100;+02286;+00114;+00532;-00138;
-16480;+01444;+01420;+02286;+00086;+00539;-00126;
-16344;+01364;+01780;+02287;+00067;+00510;-00114;
-16288;+01308;+01788;+02287;+00068;+00500;-00101;
-16276;+01264;+01588;+02286;+00077;+00511;-00088;
-16192;+01128;+01840;+02285;+00084;+00535;-00073;
-16308;+01020;+01592;+02285;+00078;+00579;-00054;
-16360;+01028;+01092;+02285;+00076;+00640;-00038;
-16328;+01196;+00984;+02286;+00064;+00673;-00028;
-16372;+01308;+01368;+02286;+00034;+00651;-00024;
-16528;+01184;+01588;+02286;-00007;+00611;-00026;
-16444;+01184;+01580;+02284;-00051;+00595;-00018;
-16344;+01204;+01744;+02285;-00117;+00613;+00008;
-16400;+01204;+01824;+02284;-00206;+00689;+00043;
-16308;+01324;+01400;+02285;-00297;+00820;+00074;
-16592;+01092;+01196;+02285;-00357;+00961;+00094;
-16624;+01256;+00340;+02286;-00352;+01070;+00124;
-16220;+01508;+00688;+02286;-00312;+01063;+00164;
-15980;+01412;+01272;+02285;-00259;+00953;+00207;
-16084;+01392;+01128;+02286;-00168;+00847;+00239;
-16020;+01248;+00988;+02287;-00047;+00755;+00276;
-15968;+01284;+01124;+02286;+00075;+00656;+00314;
-15988;+01412;+00996;+02288;+00189;+00555;+00350;
-16144;+01640;+01020;+02287;+00303;+00452;+00373;
-16292;+01876;+01184;+02286;+00427;+00341;+00375;
-16364;+01932;+01644;+02286;+00550;+00223;+00371;
-16116;+01980;+02044;+02286;+00662;+00130;+00351;
-15880;+01860;+01828;+02288;+00752;+00095;+00307;
-16020;+01540;+01424;+02289;+00806;+00128;+00237;
-16256;+01236;+00832;+02286;+00833;+00185;+00146;
-16424;+01232;+00412;+02285;+00842;+00197;+00063;
-16264;+01144;+00640;+02284;+00838;+00145;-00001;
-16236;+01244;+00980;+02284;+00823;+00044;-00046;
-16332;+01352;+01180;+02285;+00807;-00051;-00079;
-16320;+01332;+01056;+02286;+00801;-00118;-00099;
-16424;+01324;+01252;+02287;+00797;-00171;-00105;
-16512;+01120;+01496;+02290;+00775;-00189;-00096;
-16520;+01020;+01004;+02290;+00745;-00153;-00060;
-16360;+01076;+00716;+02288;+00712;-00104;-00004;
-16216;+01224;+01152;+02288;+00656;-00081;+00061;
-16240;+01316;+01312;+02287;+00584;-00075;+00108;
-16216;+01420;+01308;+02287;+00512;-00053;+00139;
-16380;+01496;+01216;+02286;+00444;-00028;+00147;
-16468;+01548;+00992;+02286;+00379;-00007;+00143;
-16392;+01420;+01192;+02285;+00307;+00015;+00146;
-16244;+01352;+01252;+02285;+00240;+00057;+00159;
-16176;+01596;+01108;+02284;+00208;+00107;+00179;
-16148;+01548;+01068;+02285;+00219;+00130;+00200;
-15980;+01500;+01228;+02287;+00237;+00133;+00213;
-16020;+01384;+01016;+02287;+00246;+00142;+00209;
-16128;+01400;+00736;+02287;+00234;+00162;+00191;
-16056;+01520;+01120;+02288;+00190;+00163;+00160;
-16108;+01632;+01368;+02288;+00126;+00147;+00118;
-16232;+01704;+01504;+02287;+00067;+00152;+00075;
-16240;+01688;+00892;+02285;+00049;+00169;+00032;
-16068;+01788;+00812;+02286;+00061;+00156;-00009;
-16000;+01624;+01224;+02287;+00095;+00105;-00055;
-16256;+01512;+01192;+02288;+00131;+00037;-00098;
-16316;+01392;+01272;+02287;+00161;-00009;-00137;
-16192;+01340;+01504;+02286;+00167;-00039;-00161;
-16324;+01328;+01368;+02286;+00168;-00043;-00183;
-16236;+01216;+01156;+02285;+00179;-00025;-00202;
-16356;+01304;+01284;+02286;+00192;-00028;-00211;
-16420;+01244;+01296;+02287;+00207;-00027;-00207;
-16468;+01224;+01004;+02287;+00204;-00004;-00194;
-16388;+01432;+01008;+02288;+00185;+00003;-00168;
-16424;+01476;+01304;+02287;+00153;-00008;-00138;
-16296;+01484;+01416;+02286;+00130;-00004;-00116;
-16488;+01400;+01364;+02287;+00132;+00007;-00091;
-16500;+01288;+01332;+02288;+00141;+00034;-00063;
-16340;+01132;+01188;+02288;+00158;+00073;-00030;
-16228;+01132;+00784;+02288;+00194;+00100;+00006;
-16228;+01200;+00740;+02285;+00225;+00090;+00031;
-16288;+01172;+01000;+02284;+00229;+00041;+00043;
-16408;+01216;+01464;+02284;+00195;-00014;+00048;
-16492;+01308;+01408;+02285;+00142;-00037;+00058;
-16408;+01304;+01512;+02285;+00092;-00031;+00076;
-16348;+01232;+01168;+02287;+00052;-00010;+00106;
-16412;+01372;+00972;+02287;+00036;+00018;+00141;
-16444;+01420;+01016;+02288;+00044;+00000;+00175;
-16312;+01428;+01416;+02289;+00062;-00054;+00205;
-16324;+01380;+01448;+02288;+00086;-00100;+00226;
-16372;+01380;+01508;+02287;+00114;-00122;+00232;
-16288;+01332;+01164;+02286;+00141;-00123;+00229;
-16204;+01192;+00812;+02286;+00176;-00137;+00224;
-16212;+01136;+00716;+02284;+00209;-00180;+00222;
-16336;+01048;+00928;+02284;+00226;-00260;+00226;
-16144;+01248;+01204;+02286;+00230;-00348;+00261;
-16196;+01556;+01444;+02286;+00221;-00411;+00305;
-16324;+01528;+01584;+02287;+00214;-00436;+00342;
-16260;+01608;+01496;+02288;+00210;-00427;+00371;
-16068;+01668;+01808;+02288;+00209;-00405;+00385;
-16004;+01640;+01492;+02287;+00222;-00365;+00372;
-16084;+01572;+01148;+02288;+00268;-00331;+00330;
-16208;+01500;+01056;+02289;+00329;-00340;+00280;
-16324;+01284;+01340;+02287;+00376;-00386;+00241;
-16272;+01280;+01428;+02287;+00393;-00430;+00223;
-16272;+01368;+01384;+02285;+00402;-00438;+00229;
-16096;+01352;+01364;+02285;+00402;-00422;+00236;
-16040;+01376;+01332;+02285;+00381;-00406;+00230;
-16252;+01312;+01664;+02284;+00327;-00382;+00210;
-16656;+01148;+01564;+02284;+00241;-00324;+00188;
-16672;+01320;+01048;+02282;+00154;-00236;+00186;
-16428;+01692;+01076;+02282;+00095;-00178;+00206;
-16328;+01764;+01468;+02281;+00061;-00206;+00230;
-16324;+01792;+01892;+02282;+00042;-00268;+00248;
-16332;+01648;+02028;+02283;+00025;-00290;+00260;
-16180;+01584;+02120;+02282;-00016;-00247;+00271;
-16220;+01548;+02192;+02283;-00079;-00126;+00275;
-16120;+01728;+01680;+02285;-00137;+00051;+00270;
-16016;+01832;+00984;+02287;-00151;+00193;+00246;
-16148;+01692;+01188;+02286;-00127;+00223;+00194;
-16024;+01636;+01744;+02284;-00089;+00167;+00136;
-15980;+01376;+02080;+02284;-00054;+00114;+00085;
-16184;+01236;+01840;+02283;-00023;+00131;+00054;
-16152;+01420;+01332;+02283;+00011;+00194;+00040;
-16128;+01528;+01112;+02284;+00048;+00246;+00038;
-16160;+01496;+01204;+02286;+00067;+00264;+00037;
-16132;+01528;+01308;+02288;+00067;+00265;+00026;
-16124;+01584;+01600;+02286;+00055;+00265;+00013;
-16244;+01640;+01448;+02284;+00047;+00270;-00008;
-16356;+01528;+01144;+02285;+00056;+00272;-00039;
-16276;+01528;+01028;+02284;+00067;+00253;-00064;
-16320;+01248;+01192;+02284;+00071;+00209;-00083;
-16312;+01324;+00992;+02284;+00072;+00152;-00082;
-16100;+01276;+01108;+02284;+00061;+00088;-00074;
-16208;+01372;+01508;+02286;+00016;+00016;-00070;
-16304;+01456;+01760;+02286;-00053;-00009;-00077;
-16512;+01648;+01708;+02287;-00107;+00010;-00089;
-16408;+01660;+01312;+02288;-00127;+00039;-00096;
-16244;+01608;+01288;+02287;-00111;+00036;-00109;
-16312;+01516;+01296;+02286;-00085;-00002;-00131;
-16640;+01312;+01740;+02287;-00072;-00063;-00143;
-16572;+01232;+01936;+02288;-00085;-00089;-00125;
-16232;+01420;+01888;+02286;-00112;-00047;-00079;
-16044;+01556;+01652;+02286;-00127;+00026;-00030;
-15908;+01572;+01460;+02286;-00126;+00101;-00004;
-16152;+01544;+01476;+02286;-00112;+00147;-00005;
-16208;+01320;+01552;+02288;-00085;+00164;-00019;
-16152;+01420;+01336;+02287;-00048;+00162;-00039;
-16324;+01652;+01280;+02287;-00015;+00144;-00061;
-16424;+01544;+01736;+02288;+00008;+00096;-00088;
-16440;+01520;+01464;+02287;+00033;+00073;-00106;
-16052;+01360;+01472;+02286;+00055;+00071;-00115;
-15912;+01404;+01432;+02285;+00054;+00079;-00124;
-16108;+01432;+01392;+02285;+00025;+00114;-00147;
-16400;+01368;+01360;+02288;-00006;+00160;-00175;
-16420;+01380;+01204;+02285;-00021;+00190;-00194;
-16316;+01352;+00896;+02285;-00015;+00190;-00209;
-16548;+01184;+01004;+02286;-00002;+00135;-00219;
-16680;+01064;+01080;+02287;+00000;+00063;-00219;
-16628;+01016;+01236;+02288;-00012;-00014;-00187;
-16592;+00972;+01440;+02288;-00037;-00079;-00128;
-16456;+01208;+01792;+02286;-00076;-00118;-00052;
-16368;+01276;+02016;+02287;-00120;-00122;+00027;
-16360;+01324;+01724;+02286;-00140;-00067;+00095;
-16280;+01380;+01120;+02287;-00111;-00024;+00153;
-16128;+01396;+01072;+02288;-00057;-00034;+00207;
-16096;+01372;+01340;+02289;+00002;-00094;+00245;
-16304;+01368;+01688;+02287;+00057;-00154;+00271;
-16284;+01280;+01748;+02287;+00091;-00182;+00296;
-16200;+01372;+02064;+02286;+00096;-00162;+00320;
-16068;+01560;+01612;+02287;+00093;-00098;+00339;
-15980;+01612;+01288;+02288;+00113;-00034;+00336;
-16024;+01544;+00972;+02288;+00152;-00028;+00308;
-16372;+01476;+01020;+02286;+00193;-00100;+00255;
-16716;+01288;+01516;+02287;+00217;-00200;+00212;
-16536;+01384;+01508;+02288;+00226;-00272;+00204;
-16116;+01560;+01792;+02285;+00229;-00321;+00221;
-15864;+01660;+01816;+02286;+00219;-00332;+00233;
-16060;+01520;+01608;+02285;+00213;-00313;+00216;
-16260;+01272;+01584;+02285;+00220;-00295;+00179;
-16228;+01308;+01412;+02285;+00233;-00285;+00151;
-16240;+01420;+01256;+02287;+00263;-00302;+00136;
-16456;+01368;+01396;+02288;+00271;-00345;+00120;
-16464;+01476;+01968;+02287;+00250;-00389;+00117;
-16372;+01512;+01936;+02287;+00222;-00394;+00124;
-16288;+01612;+01972;+02286;+00197;-00361;+00137;
-16220;+01472;+01768;+02286;+00178;-00304;+00144;
-16316;+01372;+01880;+02287;+00151;-00233;+00145;
-16388;+01492;+01704;+02285;+00122;-00152;+00148;
-16216;+01592;+01364;+02286;+00103;-00085;+00150;
-16152;+01616;+01424;+02286;+00102;-00067;+00148;
-16188;+01620;+01600;+02286;+00117;-00079;+00141;
-15992;+01532;+01600;+02285;+00148;-00109;+00135;
-15868;+01572;+01912;+02285;+00165;-00140;+00127;
-15860;+01692;+02172;+02287;+00150;-00126;+00107;
-16088;+01716;+02100;+02287;+00117;-00048;+00067;
-16204;+01660;+01672;+02287;+00091;+00064;+00013;
-16308;+01592;+01400;+02287;+00087;+00160;-00040;
-16128;+01524;+01508;+02288;+00104;+00192;-00087;
-16168;+01448;+01452;+02287;+00126;+00183;-00130;
-16252;+01132;+01756;+02287;+00125;+00169;-00168;
-16340;+01212;+01888;+02287;+00084;+00189;-00196;
-16384;+01344;+01544;+02287;+00018;+00252;-00211;
-16432;+01508;+01256;+02287;-00045;+00321;-00216;
-16432;+01668;+01364;+02287;-00087;+00349;-00216;
-16292;+01684;+01548;+02286;-00087;+00322;-00217;
-16204;+01640;+01952;+02285;-00049;+00257;-00211;
-16156;+01452;+02092;+02285;+00021;+00202;-00207;
-16244;+01100;+01836;+02284;+00103;+00191;-00201;
-16356;+01024;+01580;+02284;+00173;+00207;-00185;
-16344;+01116;+01400;+02285;+00208;+00235;-00163;
-16308;+01056;+01240;+02283;+00215;+00255;-00142;
-16368;+01120;+01236;+02284;+00200;+00246;-00126;
-16240;+01288;+01632;+02286;+00171;+00215;-00107;
-16300;+01336;+01700;+02287;+00150;+00187;-00089;
-16316;+01344;+01640;+02288;+00153;+00168;-00068;
-16240;+01364;+01448;+02288;+00176;+00152;-00039;
-16152;+01284;+01812;+02290;+00206;+00132;-00010;
-16096;+01260;+01756;+02290;+00231;+00126;+00012;
-16292;+01384;+01272;+02287;+00262;+00138;+00026;
-16280;+01368;+01036;+02288;+00285;+00152;+00035;
-16324;+01368;+01204;+02287;+00295;+00129;+00041;
-16160;+01444;+01320;+02289;+00301;+00086;+00045;
-16120;+01252;+01220;+02288;+00306;+00041;+00040;
-16248;+01216;+01040;+02286;+00295;+00006;+00029;
-16224;+01200;+01408;+02285;+00248;-00038;+00015;
-16184;+01336;+01880;+02285;+00162;-00081;-00001;
-16256;+01344;+01928;+02285;+00058;-00077;-00026;
-16412;+01364;+01904;+02286;-00031;-00048;-00048;
-16492;+01408;+01840;+02287;-00094;-00013;-00069;
-16668;+01376;+01748;+02288;-00123;+00015;-00075;
-16476;+01572;+01796;+02288;-00112;+00021;-00061;
-16404;+01588;+01820;+02286;-00059;+00007;-00031;
-16528;+01456;+01604;+02288;+00020;-00005;-00002;
-16520;+01404;+01792;+02289;+00094;-00010;+00030;
-16400;+01352;+01660;+02289;+00146;-00003;+00069;
-16276;+01296;+01784;+02288;+00169;+00018;+00104;
-16172;+01368;+01692;+02287;+00178;+00058;+00129;
-16068;+01452;+01668;+02286;+00189;+00103;+00149;
-16232;+01456;+01564;+02286;+00207;+00138;+00153;
-16404;+01456;+01236;+02287;+00231;+00167;+00151;
-16284;+01512;+01116;+02287;+00251;+00166;+00153;
-16252;+01416;+01392;+02287;+00254;+00134;+00154;
-16164;+01368;+01836;+02287;+00230;+00104;+00150;
-16172;+01252;+01752;+02288;+00197;+00108;+00148;
-16224;+01416;+01384;+02287;+00175;+00147;+00145;
-16132;+01428;+01288;+02286;+00160;+00177;+00139;
-16160;+01460;+01076;+02285;+00164;+00168;+00125;
-16148;+01356;+01344;+02285;+00184;+00104;+00100;
-16168;+01212;+01568;+02287;+00199;+00015;+00070;
-16124;+01212;+01712;+02287;+00196;-00059;+00038;
-16324;+01196;+02080;+02289;+00168;-00097;+00013;
-16716;+01116;+01652;+02289;+00134;-00060;+00003;
-16652;+01300;+01056;+02288;+00135;-00001;+00020;
-16212;+01364;+01180;+02287;+00150;-00015;+00064;
-16044;+01340;+01712;+02287;+00153;-00076;+00100;
-16216;+01356;+01884;+02286;+00142;-00129;+00117;
-16348;+01332;+02256;+02287;+00111;-00133;+00115;
-16416;+01388;+02160;+02286;+00074;-00074;+00113;
-16368;+01316;+02024;+02283;+00047;+00028;+00127;
-16188;+01348;+01260;+02284;+00039;+00142;+00148;
-16116;+01364;+00940;+02286;+00060;+00208;+00167;
-16028;+01508;+00932;+02287;+00099;+00184;+00170;
-16132;+01504;+01728;+02287;+00126;+00089;+00155;
-16224;+01600;+02404;+02286;+00130;+00012;+00137;
-16360;+01404;+02016;+02286;+00126;+00030;+00116;
-16376;+01404;+01640;+02285;+00116;+00115;+00111;
-16140;+01392;+01448;+02285;+00100;+00202;+00115;
-16144;+01368;+01320;+02287;+00082;+00268;+00115;
-16268;+01392;+01204;+02288;+00075;+00298;+00103;
-16248;+01388;+01268;+02287;+00070;+00281;+00093;
-16108;+01392;+01680;+02286;+00056;+00240;+00082;
-16012;+01536;+01764;+02286;+00032;+00216;+00060;
-16204;+01540;+01668;+02288;+00008;+00215;+00022;
-16336;+01540;+01648;+02288;-00015;+00232;-00024;
-16124;+01496;+01620;+02288;-00025;+00251;-00063;
-16120;+01420;+01316;+02288;-00002;+00262;-00089;
-16316;+01288;+01216;+02287;+00033;+00241;-00117;
-16428;+01080;+01536;+02287;+00047;+00207;-00137;
-16512;+01068;+01608;+02287;+00042;+00184;-00132;
-16304;+01192;+01628;+02287;+00024;+00198;-00110;
-16372;+01272;+01668;+02287;-00010;+00237;-00085;
-16316;+01300;+01308;+02288;-00037;+00285;-00058;
-16128;+01396;+01116;+02287;-00046;+00309;-00031;
-15944;+01420;+01640;+02286;-00045;+00282;-00016;
-16300;+01612;+01896;+02287;-00042;+00207;-00020;
-16432;+01856;+01640;+02288;-00001;+00128;-00031;
-16248;+01628;+02100;+02287;+00070;+00066;-00041;
-16080;+01460;+01992;+02287;+00159;+00041;-00046;
-16112;+01428;+01596;+02289;+00249;+00070;-00057;
-16324;+01108;+01000;+02290;+00327;+00107;-00073;
-16388;+01164;+00692;+02291;+00382;+00106;-00092;
-16260;+01044;+00888;+02290;+00405;+00044;-00099;
-16260;+01220;+01268;+02289;+00390;-00055;-00104;
-16348;+01304;+01568;+02287;+00338;-00134;-00113;
-16508;+01208;+02052;+02288;+00252;-00168;-00120;
-16580;+01368;+02124;+02287;+00157;-00118;-00109;
-16616;+01460;+01316;+02286;+00094;-00028;-00091;
-16444;+01576;+00876;+02286;+00070;+00027;-00074;
-16328;+01476;+01444;+02286;+00062;-00005;-00068;
-16196;+01304;+01868;+02285;+00063;-00081;-00078;
-16420;+01168;+01928;+02286;+00072;-00132;-00085;
-16396;+01156;+01824;+02286;+00092;-00134;-00082;
-16376;+01256;+01524;+02287;+00103;-00094;-00065;
-16504;+01208;+01436;+02287;+00103;-00039;-00030;
-16440;+01252;+01176;+02287;+00097;+00011;+00009;
-16388;+01256;+01292;+02286;+00093;+00026;+00052;
-16028;+01396;+01424;+02286;+00098;-00002;+00092;
-15948;+01480;+01728;+02285;+00115;-00042;+00121;
-15980;+01512;+01344;+02283;+00179;-00089;+00131;
-16092;+01288;+01528;+02285;+00251;-00152;+00131;
-16180;+01096;+01804;+02287;+00301;-00227;+00120;
-16368;+00996;+01572;+02287;+00337;-00262;+00116;
-16364;+00980;+01484;+02287;+00345;-00241;+00124;
-16296;+01220;+01260;+02285;+00322;-00201;+00142;
-16280;+01240;+01280;+02284;+00288;-00190;+00154;
-16196;+01284;+01740;+02283;+00239;-00220;+00160;
-16116;+01348;+01784;+02284;+00189;-00248;+00159;
-16264;+01368;+01660;+02286;+00150;-00261;+00140;
-16424;+01228;+01768;+02288;+00116;-00254;+00120;
-16304;+01264;+02216;+02288;+00072;-00230;+00112;
-16248;+01268;+01868;+02289;+00045;-00171;+00116;
-16372;+01260;+01352;+02289;+00044;-00096;+00117;
-16320;+01396;+01220;+02287;+00055;-00065;+00121;
-16380;+01420;+02060;+02289;+00059;-00114;+00126;
-16408;+01388;+02100;+02288;+00058;-00151;+00132;
-16548;+01476;+01940;+02288;+00076;-00129;+00139;
-16252;+01524;+01880;+02288;+00100;-00090;+00156;
-16004;+01456;+01916;+02287;+00123;-00053;+00171;
-16104;+01428;+01772;+02287;+00151;-00022;+00168;
-16272;+01272;+01920;+02288;+00173;-00005;+00155;
-16256;+01264;+01848;+02288;+00179;+00028;+00146;
-16236;+01220;+02000;+02288;+00173;+00081;+00146;
-16272;+01224;+01708;+02286;+00159;+00172;+00154;
-16188;+01308;+01468;+02286;+00136;+00276;+00169;
-16124;+01476;+01208;+02286;+00114;+00341;+00180;
-16080;+01584;+01068;+02283;+00103;+00351;+00170;
-16216;+01488;+01448;+02285;+00103;+00292;+00142;
-16308;+01468;+01828;+02285;+00117;+00209;+00109;
-16176;+01364;+01804;+02286;+00131;+00149;+00083;
-16212;+01400;+01936;+02288;+00132;+00131;+00070;
-16180;+01440;+01644;+02289;+00112;+00158;+00061;
-16244;+01296;+01600;+02287;+00084;+00207;+00047;
-16316;+01332;+01572;+02287;+00047;+00255;+00032;
-16280;+01408;+01568;+02289;+00010;+00291;+00019;
-16136;+01388;+01308;+02290;+00001;+00307;+00002;
-16132;+01376;+01296;+02289;+00015;+00267;-00025;
-16024;+01288;+01524;+02289;+00015;+00202;-00058;
-16116;+01208;+01460;+02289;+00009;+00161;-00095;
-16252;+01252;+01424;+02289;+00005;+00128;-00117;
-16204;+01368;+01796;+02288;-00013;+00099;-00123;
-16324;+01396;+01792;+02287;-00026;+00086;-00125;
-16220;+01504;+01740;+02287;-00015;+00088;-00118;
-16132;+01432;+01732;+02287;+00009;+00090;-00121;
-16112;+01368;+01664;+02287;+00041;+00088;-00135;
-16176;+01248;+01736;+02288;+00070;+00068;-00144;
-16304;+01180;+01780;+02289;+00083;+00071;-00153;
-16312;+01380;+01868;+02289;+00079;+00103;-00148;
-16116;+01292;+01872;+02287;+00066;+00153;-00143;
-16096;+01348;+01596;+02287;+00053;+00205;-00136;
-16220;+01404;+01160;+02289;+00057;+00237;-00146;
-16364;+01288;+01348;+02290;+00057;+00226;-00169;
-16432;+01332;+01488;+02292;+00049;+00194;-00195;
-16476;+01192;+01488;+02290;+00038;+00157;-00215;
-16532;+01108;+01524;+02288;+00040;+00127;-00219;
-16364;+01052;+01588;+02289;+00059;+00081;-00210;
-16236;+01084;+01704;+02286;+00074;+00030;-00191;
-16240;+01156;+01732;+02285;+00078;-00016;-00172;
-16388;+01212;+01496;+02285;+00071;-00051;-00160;
-16476;+01228;+01924;+02285;+00049;-00078;-00155;
-16480;+01180;+02052;+02285;+00012;-00088;-00146;
-16432;+01180;+01832;+02286;-00017;-00057;-00124;
-16312;+01228;+01648;+02286;-00018;-00010;-00093;
-16244;+01276;+01432;+02286;+00010;+00011;-00063;
-16244;+01272;+01448;+02286;+00060;-00002;-00040;
-16272;+01296;+01692;+02286;+00121;-00052;-00020;
-16108;+01216;+01920;+02288;+00186;-00097;+00004;
-16276;+01344;+01920;+02290;+00235;-00121;+00031;
-16276;+01356;+01764;+02292;+00261;-00114;+00045;
-16412;+01312;+01652;+02290;+00269;-00096;+00053;
-16352;+01112;+01480;+02290;+00268;-00071;+00053;
-16204;+01228;+01308;+02289;+00268;-00054;+00050;
-15964;+01072;+01616;+02288;+00263;-00075;+00042;
-15984;+01044;+01700;+02290;+00243;-00099;+00027;
-16100;+01144;+01608;+02290;+00211;-00100;+00005;
-16128;+01148;+01812;+02288;+00164;-00088;-00019;
-16280;+01008;+01580;+02287;+00104;-00054;-00047;
-16244;+01148;+01796;+02287;+00038;-00015;-00071;
-16176;+01268;+01540;+02287;-00022;+00028;-00086;
-16320;+01372;+01680;+02289;-00069;+00058;-00100;
-16452;+01416;+02000;+02291;-00101;+00079;-00110;
-16720;+01196;+01896;+02289;-00116;+00107;-00119;
-16648;+01036;+01752;+02286;-00113;+00153;-00113;
-16404;+01012;+01716;+02285;-00098;+00185;-00083;
-16296;+01080;+01428;+02286;-00069;+00197;-00043;
-16276;+01132;+01368;+02286;-00028;+00184;-00005;
-16320;+00988;+01816;+02288;-00007;+00149;+00023;
-16500;+01036;+01728;+02289;-00023;+00153;+00047;
-16564;+01012;+01828;+02288;-00048;+00180;+00072;
-16576;+01220;+01704;+02289;-00065;+00216;+00105;
-16376;+01352;+01604;+02291;-00067;+00237;+00139;
-16328;+01284;+01476;+02290;-00053;+00235;+00166;
-16292;+01360;+01608;+02288;-00038;+00213;+00180;
-16196;+01264;+01812;+02288;-00035;+00185;+00190;
-16048;+01340;+01752;+02288;-00034;+00170;+00195;
-16220;+01248;+01892;+02288;-00032;+00166;+00189;
-16052;+01284;+01760;+02288;-00017;+00170;+00181;
-15984;+01240;+01576;+02289;+00010;+00170;+00163;
-16060;+01192;+01300;+02290;+00038;+00170;+00131;
-16228;+01124;+01424;+02291;+00049;+00149;+00096;
-16220;+01024;+01480;+02291;+00052;+00122;+00067;
-16408;+01296;+01512;+02291;+00056;+00076;+00053;
-16392;+01400;+01584;+02291;+00073;+00017;+00050;
-16328;+01404;+01660;+02289;+00105;-00048;+00057;
-16216;+01428;+01756;+02289;+00150;-00111;+00070;
-16224;+01236;+01976;+02288;+00184;-00147;+00082;
-16276;+01112;+01836;+02287;+00200;-00127;+00092;
-16348;+01060;+01564;+02287;+00201;-00077;+00100;
-16332;+01152;+01476;+02287;+00194;-00031;+00103;
-16396;+01172;+01480;+02288;+00181;-00014;+00105;
-16276;+01136;+01564;+02289;+00179;-00030;+00109;
-16028;+01340;+01612;+02290;+00188;-00069;+00116;
-16068;+01372;+01724;+02290;+00207;-00119;+00115;
-16272;+01204;+01800;+02290;+00233;-00163;+00112;
-16348;+01156;+01996;+02289;+00248;-00190;+00116;
-16328;+01132;+01748;+02287;+00248;-00173;+00126;
-16264;+01336;+01712;+02288;+00233;-00137;+00140;
-16396;+01244;+01604;+02290;+00218;-00105;+00148;
-16452;+01184;+01648;+02292;+00209;-00091;+00147;
-16412;+01108;+01620;+02291;+00203;-00090;+00149;
-16432;+01072;+01548;+02289;+00201;-00079;+00158;
-16360;+01160;+01684;+02289;+00184;-00082;+00184;
-16244;+01364;+01660;+02289;+00159;-00082;+00214;
-16096;+01512;+01668;+02289;+00134;-00085;+00233;
-16024;+01656;+01816;+02289;+00107;-00097;+00233;
-16084;+01480;+01664;+02289;+00095;-00105;+00213;
-16184;+01372;+01636;+02289;+00114;-00132;+00176;
-16208;+01260;+01948;+02290;+00138;-00189;+00136;
-16224;+01220;+02296;+02287;+00148;-00229;+00097;
-16452;+01124;+01988;+02285;+00144;-00198;+00066;
-16404;+01292;+01796;+02286;+00134;-00128;+00052;
-16184;+01348;+01580;+02287;+00114;-00072;+00044;
-16188;+01428;+01560;+02287;+00093;-00043;+00032;
-16256;+01464;+01576;+02287;+00085;-00048;+00007;
-16272;+01432;+01740;+02288;+00084;-00076;-00026;
-16320;+01352;+01844;+02289;+00089;-00100;-00055;
-16344;+01284;+01852;+02288;+00111;-00128;-00070;
-16492;+01184;+01692;+02286;+00134;-00145;-00065;
-16408;+01240;+02000;+02287;+00143;-00149;-00042;
-16368;+01304;+02008;+02288;+00146;-00142;-00003;
-16312;+01288;+02044;+02287;+00145;-00105;+00037;
-16244;+01212;+01804;+02286;+00147;-00062;+00071;
-16152;+01208;+01688;+02289;+00154;-00017;+00090;
-16076;+01212;+01272;+02289;+00161;+00016;+00089;
-15944;+01160;+01624;+02289;+00160;+00006;+00080;
-16140;+01200;+01884;+02288;+00143;-00022;+00062;
-16216;+01284;+01660;+02288;+00134;-00032;+00042;
-16196;+01296;+01800;+02287;+00137;-00059;+00032;
-16144;+01388;+01988;+02287;+00131;-00095;+00020;
-16260;+01216;+01980;+02287;+00123;-00111;+00005;
-16368;+01052;+01716;+02288;+00117;-00100;-00008;
-16396;+01088;+01688;+02289;+00110;-00088;-00015;
-16272;+01320;+01676;+02290;+00093;-00098;-00019;
-16324;+01320;+02108;+02290;+00087;-00118;-00032;
-16236;+01404;+02040;+02288;+00101;-00130;-00051;
-16344;+01192;+01836;+02286;+00146;-00154;-00074;
-16376;+01064;+01712;+02288;+00207;-00194;-00090;
-16256;+00996;+01708;+02289;+00266;-00224;-00090;
-16276;+01064;+02292;+02289;+00309;-00197;-00087;
-16488;+01168;+01876;+02288;+00332;-00127;-00087;
-16432;+01316;+01740;+02289;+00348;-00052;-00083;
-16248;+01308;+01608;+02290;+00357;+00037;-00074;
-16236;+01312;+01948;+02289;+00358;+00056;-00069;
-16228;+01400;+01888;+02289;+00334;+00042;-00063;
-16136;+01204;+01964;+02288;+00294;+00024;-00073;
-16256;+01028;+01876;+02287;+00250;+00022;-00089;
-16340;+01000;+01632;+02288;+00225;+00050;-00111;
-16256;+01192;+01276;+02289;+00234;+00081;-00138;
-15992;+01508;+02136;+02288;+00286;+00064;-00172;
-15876;+01484;+02252;+02288;+00370;+00112;-00231;
-16112;+01212;+01828;+02288;+00441;+00219;-00308;
-16356;+01024;+01712;+02288;+00477;+00287;-00376;
-16344;+00964;+01412;+02290;+00469;+00304;-00408;
-16248;+01104;+01408;+02291;+00417;+00259;-00408;
-16120;+01180;+01876;+02292;+00320;+00157;-00393;
-16236;+01092;+02036;+02289;+00211;+00060;-00391;
-16460;+00984;+01700;+02290;+00132;+00018;-00413;
-16540;+00888;+01740;+02292;+00073;-00019;-00431;
-16352;+00992;+02152;+02291;+00021;-00071;-00419;
-16268;+01052;+02280;+02289;-00036;-00095;-00389;
-16284;+01116;+01764;+02289;-00064;-00078;-00355;
-16380;+01136;+01620;+02290;-00054;-00045;-00323;
-16248;+01176;+01972;+02291;-00043;-00048;-00289;
-16416;+01100;+02208;+02290;-00034;-00064;-00257;
-16468;+01176;+01648;+02290;+00003;-00064;-00224;
-16380;+01180;+01960;+02292;+00049;-00074;-00193;
-16156;+01284;+02268;+02292;+00080;-00112;-00152;
-16284;+01124;+02416;+02291;+00100;-00131;-00116;
-16276;+01056;+02008;+02291;+00114;-00101;-00102;
-16368;+00936;+01868;+02290;+00123;-00067;-00091;
-16332;+00816;+01248;+02290;+00119;-00046;-00081;
-16124;+00772;+01456;+02289;+00093;-00074;-00076;
-16164;+00912;+01840;+02288;+00047;-00155;-00079;
-16464;+00824;+01772;+02286;+00021;-00221;-00102;
-16524;+00936;+01820;+02285;+00032;-00272;-00143;
-16324;+00992;+02040;+02285;+00057;-00334;-00173;
-16320;+01064;+02140;+02286;+00076;-00397;-00184;
-16096;+01036;+01964;+02286;+00100;-00460;-00189;
-16244;+01040;+02240;+02287;+00121;-00521;-00198;
-16432;+01304;+02208;+02288;+00152;-00588;-00207;
-16952;+00400;+02084;+02288;+00205;-00640;-00218;
-16624;+00836;+01716;+02289;+00277;-00654;-00166;
-16216;+00612;+02704;+02289;+00338;-00774;-00079;
-15904;+01084;+01792;+02290;+00422;-00809;-00047;
-16036;+00768;+01872;+02290;+00521;-00760;-00068;
-16204;+01104;+02052;+02288;+00579;-00711;-00104;
-16428;+00784;+02180;+02288;+00595;-00708;-00127;
-16380;+00876;+02104;+02289;+00575;-00689;-00126;
-16200;+00956;+02156;+02288;+00545;-00645;-00101;
-16120;+01020;+02176;+02289;+00526;-00603;-00075;
-16112;+01044;+01920;+02290;+00529;-00596;-00066;
-16080;+00932;+02232;+02288;+00524;-00611;-00061;
-16208;+00868;+02236;+02289;+00490;-00610;-00063;
-16328;+00780;+02180;+02289;+00436;-00598;-00075;
-16444;+00924;+02056;+02289;+00370;-00583;-00088;
-16292;+01056;+02240;+02290;+00297;-00569;-00103;
-16240;+01056;+02328;+02290;+00228;-00564;-00118;
-16232;+01196;+02312;+02289;+00183;-00540;-00142;
-16268;+01132;+02364;+02287;+00154;-00487;-00175;
-16224;+00968;+02400;+02285;+00113;-00435;-00194;
-16444;+00940;+02092;+02286;+00057;-00390;-00193;
-16448;+00852;+01960;+02286;-00015;-00367;-00174;
-16268;+00948;+02176;+02286;-00100;-00390;-00134;
-15948;+00980;+02320;+02285;-00182;-00462;-00077;
-15928;+00824;+02664;+02286;-00250;-00563;-00025;
-15912;+00980;+02668;+02286;-00285;-00637;+00011;
-15912;+01044;+02576;+02286;-00291;-00677;+00026;
-16116;+00976;+02628;+02286;-00269;-00713;+00027;
-16204;+01012;+02788;+02285;-00241;-00763;+00025;
-16328;+01132;+02736;+02288;-00206;-00830;+00038;
-16304;+01168;+02640;+02288;-00172;-00898;+00079;
-16160;+01056;+02856;+02288;-00132;-00968;+00140;
-16128;+01012;+03312;+02288;-00092;-01028;+00214;
-16244;+01012;+02532;+02287;-00046;-01057;+00280;
-15924;+01048;+01296;+02288;-00003;-01081;+00328;
-15788;+00920;+01020;+02288;+00001;-01255;+00362;
-16008;+00328;+01368;+02288;-00051;-01665;+00359;
-16304;+00152;+01720;+02288;-00118;-02166;+00345;
-16516;+00396;+02068;+02286;-00213;-02662;+00384;
-16592;+00536;+02968;+02287;-00350;-03119;+00445;
-15956;+01072;+03268;+02288;-00472;-03450;+00512;
-15884;+01400;+03856;+02289;-00575;-03656;+00531;
-16008;+01388;+04116;+02290;-00616;-03719;+00481;
-16584;+01200;+04236;+02290;-00546;-03657;+00393;
-16440;+01240;+04124;+02287;-00389;-03492;+00309;
-16304;+01240;+03488;+02287;-00192;-03223;+00223;
-16140;+01060;+04088;+02288;+00013;-02965;+00136;
-15964;+00976;+04236;+02290;+00211;-02717;+00051;
-15956;+00948;+04208;+02290;+00417;-02448;-00040;
-15880;+00892;+03916;+02290;+00635;-02146;-00125;
-16036;+00724;+03368;+02289;+00823;-01865;-00180;
-16236;+00460;+02972;+02291;+00935;-01676;-00205;
-16056;+00624;+03408;+02291;+00958;-01586;-00190;
-15936;+00672;+03472;+02291;+00923;-01546;-00145;
-16052;+00564;+03208;+02290;+00857;-01560;-00091;
-15996;+00744;+03500;+02288;+00756;-01641;-00033;
-15852;+00948;+04040;+02287;+00634;-01724;+00012;
-15976;+01120;+04332;+02285;+00528;-01746;+00018;
-16056;+01036;+04048;+02286;+00464;-01676;-00019;
-16024;+01088;+03880;+02285;+00435;-01555;-00088;
-15968;+01272;+04032;+02285;+00406;-01447;-00177;
-16144;+01316;+04336;+02286;+00376;-01375;-00273;
-16204;+01268;+04536;+02288;+00362;-01292;-00373;
-15960;+01304;+03980;+02289;+00364;-01171;-00465;
-15812;+01120;+03972;+02289;+00351;-01055;-00549;
-16008;+00964;+04476;+02289;+00286;-00984;-00617;
-16152;+01020;+04604;+02288;+00207;-00937;-00666;
-16328;+01060;+04144;+02289;+00150;-00901;-00691;
-16316;+00996;+03904;+02291;+00123;-00879;-00687;
-16108;+00776;+04152;+02291;+00118;-00872;-00660;
-15944;+00664;+04096;+02289;+00114;-00880;-00615;
-15968;+00608;+03988;+02288;+00092;-00915;-00562;
-16188;+00648;+03816;+02288;+00047;-00982;-00513;
-16124;+00636;+03656;+02287;-00030;-01120;-00446;
-15792;+00836;+03660;+02286;-00136;-01394;-00347;
-15616;+01088;+04108;+02286;-00254;-01781;-00253;
-15860;+01096;+04432;+02287;-00361;-02194;-00202;
-16136;+01004;+05084;+02288;-00424;-02540;-00197;
-16064;+01112;+05308;+02288;-00429;-02769;-00214;
-16108;+01156;+05380;+02288;-00366;-02870;-00244;
-15884;+01180;+05628;+02288;-00236;-02851;-00295;
-15824;+01040;+05436;+02288;-00061;-02710;-00363;
-15984;+00804;+05296;+02291;+00112;-02498;-00436;
-16052;+00408;+04892;+02290;+00241;-02274;-00487;
-16024;+00368;+03940;+02288;+00305;-02115;-00490;
-15812;+00380;+03620;+02287;+00264;-02113;-00428;
-15744;+00324;+03676;+02288;+00113;-02313;-00332;
-15932;+00352;+03952;+02288;-00119;-02693;-00203;
-16032;+00096;+04304;+02287;-00371;-03197;-00043;
-15784;+00048;+04624;+02288;-00576;-03759;+00142;
-15316;+00424;+05384;+02288;-00729;-04271;+00321;
-15116;+00588;+06076;+02289;-00804;-04665;+00438;
-15288;+00648;+06960;+02288;-00767;-04835;+00457;
-15424;+00668;+07468;+02288;-00589;-04725;+00377;
-15548;+00800;+07364;+02288;-00279;-04298;+00241;
-15572;+00924;+06872;+02290;+00096;-03679;+00067;
-15480;+01000;+05900;+02289;+00448;-03032;-00092;
-15476;+00836;+05428;+02288;+00715;-02549;-00219;
-15612;+00724;+05780;+02286;+00857;-02301;-00312;
-15820;+00752;+05904;+02287;+00911;-02223;-00367;
-15568;+00736;+05712;+02289;+00910;-02286;-00370;
-15260;+00864;+05764;+02289;+00905;-02472;-00339;
-15220;+00736;+06004;+02288;+00913;-02707;-00308;
-15512;+00492;+06072;+02287;+00937;-02923;-00294;
-16012;+00436;+06408;+02287;+00969;-03107;-00286;
-15868;+00504;+06624;+02286;+01019;-03235;-00259;
-15504;+00736;+06376;+02284;+01097;-03295;-00217;
-15144;+00800;+06020;+02284;+01186;-03335;-00179;
-15332;+00812;+05744;+02285;+01235;-03415;-00170;
-15836;+00716;+06152;+02285;+01206;-03572;-00170;
-15556;+00760;+06508;+02286;+01102;-03825;-00132;
-15032;+01000;+06644;+02288;+00961;-04145;-00050;
-14772;+00888;+07076;+02286;+00804;-04490;+00026;
-14808;+00880;+07500;+02287;+00650;-04769;+00053;
-14880;+00564;+07548;+02287;+00520;-04918;+00031;
-14820;+00484;+07528;+02287;+00402;-04968;-00015;
-14872;+00536;+07880;+02286;+00287;-04949;-00078;
-14856;+00484;+07736;+02287;+00183;-04855;-00172;
-14680;+00460;+07644;+02288;+00114;-04728;-00276;
-14584;+00356;+07528;+02288;+00068;-04601;-00357;
-14528;+00288;+07432;+02288;+00024;-04510;-00412;
-14892;+00132;+07600;+02286;-00048;-04499;-00438;
-14992;+00056;+07836;+02286;-00162;-04560;-00422;
-14820;+00096;+07796;+02287;-00307;-04689;-00347;
-14300;+00176;+07668;+02287;-00466;-04873;-00230;
-14360;+00628;+08104;+02287;-00631;-05061;-00128;
-14076;+00772;+08924;+02285;-00757;-05258;-00061;
-14056;+00828;+09308;+02285;-00800;-05324;-00047;
-14040;+00836;+09340;+02286;-00762;-05240;-00073;
-14064;+00736;+09256;+02288;-00677;-05045;-00114;
-14224;+00544;+08948;+02289;-00602;-04822;-00140;
-14384;+00356;+08888;+02290;-00589;-04653;-00117;
-14268;+00164;+08892;+02291;-00645;-04591;-00034;
-14132;+00020;+08684;+02289;-00731;-04635;+00085;
-14020;-00020;+08352;+02288;-00784;-04762;+00211;
-14564;-00124;+08716;+02289;-00819;-04934;+00328;
-14468;+00028;+09232;+02290;-00816;-05052;+00447;
-13856;+00532;+09092;+02290;-00760;-05144;+00595;
-13476;+00780;+08588;+02292;-00661;-05266;+00742;
-13176;+00864;+09036;+02293;-00557;-05458;+00846;
-13144;+00964;+09752;+02293;-00478;-05739;+00905;
-13016;+00948;+10176;+02294;-00379;-05974;+00879;
-13008;+00976;+10380;+02292;-00220;-06067;+00762;
-13184;+00848;+10588;+02293;-00026;-05972;+00568;
-13408;+00744;+11028;+02292;+00206;-05683;+00346;
-13652;+00508;+10940;+02291;+00464;-05247;+00148;
-13716;+00452;+10512;+02290;+00737;-04778;+00011;
-13536;+00536;+09832;+02291;+00992;-04382;-00055;
-13324;+00780;+09564;+02291;+01158;-04124;-00061;
-12856;+00736;+09428;+02290;+01202;-04040;-00031;
-12300;+00828;+09492;+02289;+01148;-04148;+00009;
-12384;+00696;+09432;+02288;+01007;-04422;+00016;
-12604;+00272;+10204;+02288;+00800;-04826;-00003;
-12972;+00280;+10784;+02289;+00563;-05262;-00042;
-13060;+00212;+11364;+02288;+00330;-05602;-00079;
-12332;+00232;+12068;+02287;+00163;-05864;-00098;
-12408;+00708;+11784;+02287;+00123;-06141;-00113;
-12480;+01020;+10852;+02286;+00183;-06419;-00125;
-12384;+01284;+11240;+02287;+00235;-06673;-00120;
-12268;+01236;+11672;+02287;+00216;-06860;-00111;
-11964;+01060;+11996;+02289;+00134;-07002;-00126;
-11816;+00820;+11964;+02289;+00049;-07109;-00181;
-12016;+00552;+12452;+02288;-00018;-07166;-00279;
-12108;+00192;+12688;+02291;-00047;-07180;-00385;
-12116;+00172;+12688;+02291;-00052;-07046;-00461;
-11768;+00076;+12364;+02290;-00052;-06807;-00485;
-11664;+00128;+12308;+02290;-00079;-06478;-00460;
-11916;+00056;+12892;+02288;-00144;-06091;-00421;
-12144;-00404;+13996;+02288;-00215;-05702;-00387;
-12144;-00128;+14292;+02288;-00257;-05288;-00299;
-11548;+00564;+13560;+02288;-00295;-04803;-00116;
-11148;+01004;+12980;+02288;-00304;-04293;+00092;
-11024;+01200;+13008;+02289;-00293;-03854;+00216;
-10924;+01512;+12716;+02289;-00247;-03513;+00219;
-10732;+01504;+12540;+02290;-00141;-03252;+00112;
-10888;+01032;+13200;+02290;+00004;-03043;-00056;
-12036;+00768;+13696;+02289;+00165;-02910;-00224;
-11544;+00596;+13668;+02289;+00340;-02889;-00310;
-10988;+00704;+13152;+02290;+00502;-02953;-00306;
-10776;+00664;+12876;+02290;+00612;-03036;-00257;
-10808;+00644;+13028;+02291;+00652;-03128;-00175;
-10824;+00772;+13384;+02292;+00632;-03278;-00068;
-10664;+00884;+13300;+02292;+00609;-03507;+00044;
-10588;+00936;+13144;+02292;+00614;-03772;+00111;
-10628;+00880;+13664;+02291;+00638;-04022;+00117;
-10504;+00468;+13628;+02292;+00683;-04185;+00091;
-10576;+00400;+13752;+02291;+00726;-04252;+00048;
-10468;+00272;+13912;+02291;+00779;-04222;+00028;
-10284;+00256;+13684;+02291;+00829;-04151;+00052;
-10040;+00564;+13424;+02290;+00811;-04105;+00111;
-10016;+00748;+13188;+02288;+00723;-04124;+00179;
-10048;+00756;+13096;+02289;+00577;-04221;+00233;
-10296;+00536;+13076;+02290;+00395;-04405;+00268;
-10496;+00280;+12932;+02291;+00190;-04685;+00278;
-10296;+00224;+13332;+02291;-00046;-05034;+00295;
-09668;+00436;+13200;+02290;-00281;-05398;+00334;
-09080;+00480;+13560;+02289;-00487;-05787;+00370;
-08600;+00512;+13560;+02288;-00641;-06197;+00367;
-08800;+00116;+13896;+02289;-00772;-06589;+00339;
-08868;-00056;+14592;+02289;-00933;-06919;+00329;
-08396;+00084;+14296;+02289;-01114;-07156;+00342;
-08404;-00268;+14036;+02289;-01308;-07308;+00341;
-08360;-00588;+14324;+02292;-01532;-07411;+00308;
-08288;-00884;+13908;+02292;-01738;-07475;+00253;
-08204;-00472;+13824;+02292;-01909;-07545;+00183;
-07564;+00400;+12856;+02292;-02054;-07649;+00087;
-07180;+01340;+12516;+02291;-02237;-07747;-00056;
-07124;+01692;+13860;+02292;-02529;-07809;-00262;
-07448;+01480;+16972;+02289;-02835;-07884;-00498;
-07552;+01596;+18796;+02287;-02978;-08052;-00698;
-07360;+01348;+19044;+02290;-02851;-08315;-00852;
-07740;+00560;+18956;+02292;-02546;-08563;-00968;
-08184;-00196;+18940;+02292;-02171;-08653;-01044;
-08536;-01012;+18540;+02291;-01755;-08482;-01051;
-09148;-01472;+18208;+02291;-01325;-08069;-01031;
-09408;-01352;+16604;+02291;-00821;-07487;-01015;
-08632;-00832;+15568;+02289;-00288;-06802;-00984;
-07368;+00000;+14668;+02287;+00204;-06121;-00906;
-05936;+00724;+14216;+02287;+00591;-05542;-00824;
-05156;+01064;+14736;+02288;+00847;-05196;-00816;
-04972;+00984;+15160;+02289;+00999;-05181;-00881;
-05176;+00396;+16748;+02289;+01023;-05525;-00915;
-05244;-00244;+18556;+02288;+00968;-06154;-00907;
-06020;-00412;+18772;+02287;+00974;-06843;-00885;
-06328;-00320;+20104;+02289;+01073;-07373;-00865;
-06484;+00080;+20132;+02291;+01324;-07542;-00879;
-06412;+00416;+19128;+02291;+01737;-07241;-00937;
-06240;+00728;+17336;+02292;+02235;-06463;-00990;
-04076;+00880;+15624;+02293;+02709;-05312;-01005;
-04704;+00872;+14732;+02292;+03027;-04074;-01057;
-04524;+00876;+14992;+02291;+03124;-03033;-01090;
-04064;+00756;+15588;+02293;+03055;-02378;-01045;
-03836;+00736;+17108;+02292;+02894;-02191;-01062;
-05136;+00644;+17052;+02291;+02807;-02389;-01224;
-05028;+00664;+16072;+02290;+02827;-02659;-01430;
-04948;+00548;+14692;+02290;+02811;-02724;-01600;
-04820;+00512;+14664;+02288;+02596;-02570;-01711;
-04656;+00412;+15144;+02288;+02197;-02409;-01729;
-05440;+00048;+16300;+02288;+01753;-02485;-01695;
-05892;-00240;+16900;+02289;+01414;-02891;-01628;
-05800;-00360;+18208;+02291;+01269;-03490;-01503;
-04768;-00100;+18804;+02291;+01314;-04111;-01353;
-04516;+00280;+18160;+02291;+01464;-04572;-01189;
-03844;+00844;+17208;+02290;+01599;-04782;-01003;
-03636;+01292;+16508;+02290;+01596;-04748;-00855;
-04092;+01104;+16568;+02291;+01455;-04521;-00823;
-04264;+00980;+16016;+02291;+01223;-04129;-00925;
-04288;+00388;+15684;+02292;+01000;-03709;-01114;
-04340;-00100;+15384;+02292;+00843;-03498;-01283;
-03840;+00276;+16952;+02291;+00751;-03626;-01346;
-03364;+00860;+16848;+02290;+00681;-03918;-01329;
-02736;+01308;+16788;+02291;+00606;-04251;-01259;
-02640;+01472;+16908;+02292;+00451;-04464;-01176;
-03412;+00904;+17440;+02292;+00197;-04522;-01131;
-04228;+00260;+17504;+02291;-00087;-04526;-01127;
-04612;-00216;+17328;+02291;-00298;-04570;-01089;
-04128;-00460;+17424;+02289;-00422;-04653;-00986;
-03480;-00300;+17384;+02288;-00461;-04729;-00845;
-03100;-00076;+17568;+02287;-00447;-04713;-00698;
-02736;+00416;+17584;+02287;-00420;-04545;-00545;
-02404;+00896;+17132;+02289;-00442;-04291;-00354;
-02192;+01284;+16852;+02290;-00577;-04097;-00146;
-03348;+00972;+17096;+02292;-00775;-04092;-00028;
-03108;+01076;+17352;+02291;-00943;-04231;+00007;
-02560;+00928;+18188;+02291;-01028;-04384;+00006;
-02824;+00816;+18508;+02290;-00980;-04449;-00037;
-02468;+00404;+18092;+02290;-00872;-04355;-00078;
-02824;-00120;+17556;+02289;-00796;-04105;-00060;
-03104;-00536;+17364;+02290;-00790;-03789;+00002;
-03052;-00376;+16820;+02291;-00804;-03473;+00110;
-02572;+00016;+16492;+02289;-00803;-03198;+00236;
-02220;+00348;+17244;+02289;-00821;-02981;+00364;
-01372;+00812;+18188;+02291;-00818;-02844;+00496;
-01000;+00712;+18908;+02291;-00754;-02778;+00575;
-01900;+00080;+19284;+02290;-00617;-02729;+00524;
-02436;-00072;+18108;+02290;-00367;-02590;+00413;
-01808;+00448;+16936;+02289;-00091;-02318;+00347;
-01956;+00612;+15768;+02289;+00120;-02014;+00301;
-01332;+00700;+15680;+02291;+00219;-01799;+00273;
-01240;+00880;+16140;+02292;+00214;-01745;+00255;
-01596;+00400;+17440;+02291;+00138;-01858;+00244;
-02256;-00256;+18412;+02291;+00034;-02021;+00218;
-02344;-00872;+18188;+02290;-00001;-02098;+00194;
-02064;-00468;+17352;+02289;-00004;-02049;+00268;
-01616;+00144;+16572;+02288;-00052;-01953;+00447;
-01324;+00308;+16320;+02287;-00195;-01920;+00653;
-01028;+00448;+16792;+02288;-00417;-01992;+00842;
-00864;+00452;+17400;+02289;-00655;-02136;+00981;
-00948;+00608;+17636;+02287;-00879;-02253;+01055;
-00952;+00496;+17536;+02287;-01050;-02284;+01013;
-00808;+00256;+17332;+02287;-01172;-02174;+00863;
-01500;-00248;+18088;+02287;-01285;-01952;+00718;
-00848;-00412;+17860;+02289;-01379;-01715;+00657;
-00456;-00204;+17928;+02288;-01500;-01427;+00658;
-00164;+00100;+17152;+02288;-01658;-01070;+00678;
-00484;+00320;+16580;+02289;-01866;-00688;+00669;
-01264;+00204;+16816;+02290;-02119;-00384;+00615;
-02280;-00260;+17356;+02288;-02364;-00256;+00530;
-01564;-00348;+18252;+02287;-02560;-00311;+00490;
-01076;-00388;+18808;+02287;-02643;-00411;+00511;
-00580;+00052;+19468;+02288;-02568;-00522;+00547;
-00036;+00292;+21284;+02290;-02331;-00696;+00560;
+01348;-00016;+22796;+02291;-01875;-01012;+00494;
-00480;-00044;+21568;+02291;-01165;-01443;+00280;
-01968;-00032;+18496;+02291;-00385;-01816;+00041;
-01540;-00408;+17452;+02289;+00174;-01972;-00045;
-01736;-01036;+17568;+02290;+00457;-01950;-00046;
-01144;-00992;+17160;+02289;+00566;-01835;-00002;
-00672;-00564;+17372;+02288;+00584;-01745;+00086;
-00636;-00144;+17744;+02289;+00558;-01728;+00169;
-00476;+00192;+17792;+02289;+00536;-01756;+00212;
-00612;+00112;+17888;+02289;+00541;-01741;+00179;
-01016;-00216;+17956;+02288;+00570;-01606;+00082;
-00624;-00228;+16488;+02289;+00651;-01378;-00032;
-00552;-00220;+17104;+02291;+00731;-01259;-00104;
-00684;-00104;+18208;+02291;+00776;-01318;-00136;
-00576;+00008;+18196;+02292;+00799;-01396;-00132;
-00524;+00000;+17652;+02293;+00805;-01352;-00099;
-00424;-00184;+17320;+02291;+00795;-01241;-00038;
-00976;-00504;+17764;+02290;+00752;-01208;+00017;
-01128;-00340;+17412;+02290;+00713;-01208;+00031;
-00840;-00560;+17396;+02290;+00694;-01156;+00032;
-00096;-00592;+17140;+02290;+00702;-01139;+00051;
-00032;-00232;+17280;+02288;+00719;-01257;+00083;
-00024;+00336;+17620;+02289;+00712;-01433;+00117;
+00224;+00828;+18168;+02288;+00705;-01552;+00159;
+00212;+00836;+17984;+02288;+00724;-01554;+00164;
+00064;+00508;+17860;+02289;+00777;-01445;+00128;
-00280;+00156;+17788;+02289;+00845;-01291;+00073;
-00388;-00092;+17312;+02289;+00915;-01134;+00025;
-00428;-00292;+17584;+02290;+00972;-01041;-00003;
-00120;-00296;+16980;+02290;+01013;-01058;-00016;
-00052;-00612;+17524;+02289;+01049;-01221;-00013;
+00136;-00408;+17696;+02289;+01041;-01461;+00026;
+00272;+00224;+18204;+02290;+00986;-01638;+00114;
+00628;+00568;+18144;+02291;+00909;-01638;+00233;
+00412;+00788;+18044;+02293;+00818;-01598;+00371;
+00396;+00644;+18332;+02292;+00730;-01573;+00438;
+00240;+00436;+18684;+02293;+00667;-01466;+00426;
+00216;+00260;+18212;+02290;+00631;-01179;+00333;
+00252;-00100;+17512;+02290;+00625;-00773;+00220;
+00052;-00340;+17420;+02291;+00649;-00440;+00156;
+00060;-00376;+17592;+02290;+00669;-00252;+00141;
+00032;-00156;+17680;+02289;+00667;-00143;+00167;
-00544;+00036;+17448;+02289;+00670;-00057;+00210;
-00404;-00036;+17112;+02290;+00644;+00010;+00272;
-00436;-00492;+16284;+02290;+00567;+00054;+00356;
-00048;-00064;+17400;+02289;+00451;+00069;+00472;
+00400;+00144;+17096;+02288;+00343;+00093;+00625;
+01012;+00480;+17588;+02290;+00244;+00154;+00760;
+00600;+00644;+18652;+02291;+00166;+00194;+00812;
+00908;+00668;+16232;+02292;+00109;+00146;+00793;
-00528;+00036;+19024;+02292;+00030;+00021;+00740;
+00624;-00072;+17596;+02290;-00022;-00197;+00693;
+00224;+00256;+19804;+02290;-00058;-00501;+00676;
-00020;+00592;+16216;+02289;-00025;-00752;+00681;
+00072;-00652;+19088;+02290;-00060;-00713;+00699;
+00112;-00148;+17972;+02288;-00088;-00500;+00769;
-00656;-00040;+14376;+02289;-00119;-00370;+00883;
+00320;-00564;+15688;+02289;-00249;-00414;+00998;
+00044;-00336;+15616;+02290;-00415;-00616;+01115;
-00032;-00604;+14836;+02289;-00585;-00891;+01210;
-00700;-00724;+13924;+02288;-00828;-01123;+01305;
+00400;-00824;+15340;+02289;-01144;-01356;+01434;
-00212;-00432;+16336;+02290;-01498;-01630;+01583;
+01140;-00412;+18772;+02291;-01863;-01906;+01733;
+04624;+02960;+32767;+02291;-02111;-02137;+01838;
+05140;+04960;+26536;+02292;-01593;-01963;+01726;
+00940;+00940;+13864;+02292;-00737;-01118;+01251;
-00372;-01496;+12476;+02292;-00057;-00489;+00723;
-00316;-01560;+16516;+02291;+00271;-00385;+00355;
-00164;+00412;+18776;+02290;+00527;-00673;+00133;
+01104;+01256;+19088;+02291;+00798;-00894;-00023;
+01812;+00680;+17932;+02291;+01021;-00744;-00135;
+01280;+00156;+17460;+02290;+01137;-00391;-00230;
+00624;-00312;+17184;+02290;+01153;-00126;-00230;
+00160;-00620;+17792;+02291;+01105;-00100;-00147;
+00484;-00316;+17956;+02289;+01034;-00146;-00041;
+00824;+00420;+17464;+02289;+00980;-00107;+00045;
+00732;+00684;+17312;+02289;+00946;-00057;+00097;
+00668;+00448;+17408;+02290;+00935;-00093;+00116;
+00572;+00444;+17556;+02289;+00939;-00187;+00119;
+00732;+00528;+17456;+02291;+00955;-00308;+00120;
+00772;+00504;+17712;+02290;+00983;-00455;+00114;
+00988;+00464;+17896;+02288;+01000;-00572;+00103;
+00972;+00148;+17940;+02288;+00995;-00588;+00098;
+00776;+00156;+17440;+02288;+00985;-00486;+00096;
+00764;+00080;+17220;+02289;+00977;-00385;+00079;
+00716;+00220;+17392;+02288;+00997;-00356;+00057;
+00736;+00568;+17800;+02288;+01038;-00381;+00043;
+01048;+00708;+17560;+02287;+01068;-00392;+00021;
+00508;+00504;+18752;+02287;+01067;-00352;-00024;
+00804;+00636;+18184;+02287;+01066;-00246;-00068;
+00916;+00580;+17544;+02285;+01073;-00151;-00076;
+00844;+00524;+17452;+02287;+01025;-00097;-00076;
+01184;+00508;+17320;+02288;+00930;-00030;-00085;
+00964;+00372;+18596;+02288;+00767;+00109;-00120;
+00836;+00472;+17824;+02287;+00584;+00345;-00171;
+00576;+00500;+17732;+02287;+00419;+00620;-00213;
+00804;+00532;+17488;+02289;+00283;+00830;-00238;
+00668;+00564;+17332;+02290;+00185;+00929;-00233;
+00516;+00500;+17216;+02291;+00153;+00919;-00212;
+00428;+00556;+17564;+02291;+00171;+00846;-00176;
+00564;+00524;+17732;+02290;+00197;+00784;-00132;
+00740;+00320;+17820;+02290;+00205;+00792;-00071;
+00704;+00264;+17788;+02289;+00189;+00889;-00004;
+00524;+00244;+17660;+02287;+00172;+01039;+00061;
+00828;+00052;+17792;+02288;+00156;+01166;+00118;
+00532;+00080;+17620;+02287;+00166;+01192;+00144;
+00576;+00428;+17564;+02289;+00207;+01053;+00163;
+00624;+00568;+17696;+02289;+00280;+00831;+00181;
+00560;+00508;+18092;+02290;+00359;+00671;+00194;
+00484;+00572;+17820;+02290;+00482;+00579;+00202;
+00380;+00664;+17968;+02290;+00642;+00457;+00190;
+00708;+00784;+17960;+02290;+00818;+00300;+00163;
+01024;+00780;+17664;+02291;+00965;+00228;+00116;
+00380;+00556;+15444;+02289;+00905;+00558;+00087;
+00640;+00720;+17176;+02287;+00744;+00624;+00065;
+00552;+00528;+18116;+02289;+00544;+00471;+00045;
+00248;+00488;+17828;+02290;+00413;+00358;+00033;
+00252;+00588;+17656;+02290;+00342;+00320;+00032;
+00472;+00596;+17560;+02291;+00295;+00304;+00047;
+00580;+00592;+17940;+02289;+00256;+00295;+00068;
+00520;+00672;+17776;+02290;+00239;+00289;+00082;
+00556;+00672;+17388;+02289;+00238;+00296;+00093;
+00456;+00696;+17632;+02290;+00230;+00283;+00095;
+00388;+00624;+17752;+02290;+00214;+00258;+00087;
+00440;+00628;+17636;+02288;+00209;+00249;+00080;
+00500;+00604;+17532;+02289;+00205;+00231;+00074;
+00536;+00656;+17608;+02287;+00194;+00209;+00079;
+00464;+00604;+17816;+02287;+00174;+00193;+00086;
+00396;+00604;+17572;+02286;+00166;+00186;+00090;
+00456;+00768;+17500;+02288;+00167;+00175;+00093;
+00552;+00788;+17612;+02290;+00160;+00170;+00089;
+00488;+00692;+17596;+02290;+00154;+00165;+00082;
+00436;+00612;+17612;+02290;+00144;+00155;+00073;
+00368;+00580;+17732;+02290;+00135;+00149;+00074;
+00420;+00704;+17568;+02289;+00131;+00145;+00080;
+00516;+00704;+17508;+02289;+00131;+00136;+00089;
+00500;+00604;+17644;+02287;+00127;+00130;+00096;
+00580;+00544;+17884;+02289;+00118;+00129;+00094;
+00360;+00508;+17608;+02289;+00117;+00141;+00086;
+00484;+00724;+17700;+02289;+00125;+00143;+00087;
+00400;+00708;+17492;+02290;+00131;+00158;+00084;
+00396;+00756;+17576;+02291;+00130;+00158;+00083;
+00440;+00648;+17528;+02290;+00123;+00153;+00084;
+00516;+00604;+17616;+02291;+00118;+00144;+00080;
+00432;+00664;+17560;+02290;+00116;+00134;+00082;
+00464;+00664;+17640;+02289;+00115;+00130;+00080;
+00468;+00704;+17776;+02286;+00114;+00126;+00079;
+00368;+00676;+17716;+02288;+00110;+00122;+00080;
+00352;+00624;+17660;+02288;+00107;+00120;+00080;
+00460;+00668;+17628;+02288;+00109;+00116;+00080;
+00528;+00736;+16852;+02289;+00111;+00110;+00080;
+00596;+00744;+17700;+02288;+00101;+00068;+00077;
+00428;+00668;+17848;+02289;+00072;+00057;+00072;
+00436;+00660;+17496;+02290;+00075;+00044;+00064;
+00344;+00652;+17768;+02290;+00077;+00047;+00057;
+00408;+00692;+17960;+02291;+00074;+00068;+00060;
+00416;+00696;+17616;+02292;+00095;+00090;+00059;
+00420;+00608;+17700;+02292;+00119;+00120;+00063;
+00580;+00660;+17084;+02290;+00142;+00152;+00066;
+00560;+00692;+17548;+02290;+00153;+00150;+00067;
+00372;+00664;+17760;+02291;+00130;+00148;+00059;
+00392;+00592;+17712;+02290;+00122;+00138;+00054;
+00316;+00620;+17528;+02290;+00128;+00136;+00056;
+00444;+00756;+17688;+02289;+00125;+00128;+00056;
+00408;+00772;+17352;+02288;+00116;+00110;+00054;
+00528;+00716;+17828;+02287;+00102;+00079;+00051;
+00336;+00564;+17768;+02286;+00092;+00076;+00047;
+00260;+00568;+17396;+02286;+00098;+00069;+00043;
+00168;+00532;+15816;+02287;+00088;-00023;+00053;
+00312;+00600;+18468;+02289;-00024;-00225;+00088;
+00664;+00756;+18472;+02290;-00148;-00338;+00117;
+00876;+00744;+16924;+02290;-00133;-00442;+00129;
+00800;+00696;+17604;+02289;-00149;-00495;+00118;
+00800;+00632;+17892;+02290;-00195;-00546;+00096;
+00460;+00688;+17116;+02291;-00198;-00624;+00065;
+00300;+00632;+17300;+02290;-00207;-00721;+00035;
+00560;+00596;+18060;+02290;-00232;-00847;+00024;
+00692;+00484;+17900;+02288;-00230;-00968;+00019;
+00772;+00548;+18696;+02289;-00210;-01043;+00022;
+00248;+00828;+15672;+02288;-00526;-01065;+00000;
+00832;+00940;+17036;+02288;-00469;-01004;+00002;
+00876;+00636;+17920;+02288;-00336;-00847;-00008;
+00304;+00456;+17580;+02289;-00239;-00659;-00026;
+00224;+00328;+17700;+02289;-00156;-00510;-00027;
+00296;+00448;+17860;+02290;-00092;-00384;-00001;
+00508;+00588;+17668;+02291;-00037;-00285;+00053;
+00892;+00848;+18108;+02291;+00003;-00192;+00116;
+01056;+00696;+17740;+02291;+00029;-00094;+00163;
fim