Simula um movimento de YAW, fazendo um roll +90, seguido de um pitch -90, seguido de um roll -90
resultando em um yaw +90

start
-01568;+00336;+16716;+02973;-00073;-00345;-00071;
-01532;+00288;+16656;+02974;-00086;-00351;-00070;
-01540;+00232;+16624;+02974;-00103;-00354;-00075;
-01572;+00248;+16608;+02974;-00122;-00368;-00082;
-01612;+00188;+16628;+02974;-00135;-00395;-00086;
-01784;+00060;+16800;+02974;-00146;-00431;-00087;
-01832;+00104;+17072;+02975;-00165;-00444;-00074;
-01644;+00040;+16648;+02977;-00176;-00419;-00053;
-01684;+00040;+16816;+02976;-00173;-00393;-00031;
-01504;+00136;+17020;+02975;-00165;-00369;-00009;
-01492;+00168;+16812;+02976;-00151;-00337;+00004;
-01424;+00208;+16720;+02978;-00130;-00299;+00009;
-01444;+00196;+16444;+02979;-00115;-00290;+00012;
-01480;+00140;+16428;+02979;-00113;-00329;+00009;
-01656;+00120;+16808;+02979;-00122;-00403;+00000;
-01780;+00088;+17056;+02978;-00151;-00462;-00010;
-01600;+00148;+16812;+02978;-00174;-00460;-00016;
-01420;+00092;+16748;+02978;-00183;-00411;-00017;
-01372;+00156;+16672;+02976;-00178;-00343;-00014;
-01340;+00060;+16560;+02978;-00174;-00301;-00007;
-01380;+00156;+16592;+02978;-00164;-00306;+00003;
-01384;+00188;+16872;+02978;-00151;-00350;+00012;
-01360;+00204;+16740;+02978;-00141;-00400;+00013;
-01348;+00220;+16992;+02976;-00121;-00435;+00010;
-01492;+00156;+17080;+02976;-00112;-00430;-00005;
-01576;+00028;+16880;+02976;-00103;-00399;-00022;
-01356;+00272;+16712;+02976;-00097;-00360;-00029;
-01308;+00348;+16812;+02976;-00115;-00329;-00027;
-01064;+00180;+16816;+02976;-00151;-00314;-00021;
-01084;+00112;+16588;+02975;-00179;-00317;-00017;
-01320;+00012;+16696;+02976;-00190;-00337;-00026;
-01624;+00144;+17184;+02975;-00190;-00376;-00040;
-01432;+00184;+16808;+02974;-00174;-00385;-00046;
-01144;+00156;+16692;+02975;-00153;-00356;-00052;
-01160;-00016;+16864;+02975;-00140;-00327;-00060;
-01340;-00180;+16788;+02976;-00136;-00300;-00059;
-01480;+00096;+16964;+02976;-00131;-00251;-00054;
-01176;+00432;+16456;+02977;-00114;-00206;-00037;
-01248;+00356;+16680;+02978;-00110;-00192;-00027;
-01368;+00096;+16900;+02978;-00123;-00215;-00029;
-01560;+00040;+16784;+02978;-00138;-00266;-00040;
-01448;+00228;+16724;+02978;-00136;-00329;-00043;
-01180;+00292;+16836;+02979;-00131;-00373;-00038;
-01040;+00312;+16764;+02978;-00132;-00390;-00035;
-01208;+00116;+16760;+02977;-00141;-00399;-00037;
-01312;+00040;+16700;+02977;-00162;-00409;-00041;
-01404;+00056;+16764;+02977;-00177;-00425;-00038;
-01436;-00056;+16852;+02977;-00183;-00420;-00033;
-01304;+00032;+16976;+02977;-00180;-00380;-00029;
-00984;+00204;+16916;+02977;-00170;-00316;-00027;
-00876;+00220;+17092;+02978;-00163;-00244;-00034;
-00956;+00236;+16964;+02978;-00160;-00157;-00042;
-00980;+00324;+16824;+02977;-00159;-00074;-00052;
-00920;+00176;+16564;+02979;-00148;-00025;-00065;
-01212;+00044;+16548;+02981;-00131;-00009;-00078;
-01492;+00004;+16548;+02983;-00115;-00008;-00094;
-01496;+00064;+16616;+02983;-00098;-00006;-00100;
-01540;+00100;+16656;+02982;-00079;-00016;-00098;
-01216;+00212;+16860;+02982;-00066;-00049;-00091;
-01096;+00308;+17020;+02981;-00083;-00101;-00083;
-01216;+00196;+17192;+02981;-00123;-00146;-00076;
-01036;+00184;+16780;+02979;-00159;-00171;-00064;
-00976;-00024;+16416;+02978;-00171;-00176;-00055;
-00796;+00060;+16676;+02979;-00170;-00181;-00050;
-00876;+00164;+16824;+02978;-00156;-00180;-00066;
-01376;+00132;+16620;+02978;-00134;-00180;-00097;
-01592;-00056;+16840;+02979;-00116;-00203;-00129;
-01780;-00164;+16936;+02978;-00108;-00231;-00149;
-01564;-00008;+16828;+02978;-00111;-00248;-00153;
-01024;+00236;+16980;+02979;-00115;-00272;-00143;
-00464;+00396;+16376;+02979;-00137;-00293;-00139;
-00616;+00504;+16336;+02980;-00170;-00339;-00155;
-00928;+00468;+16564;+02981;-00225;-00417;-00180;
-00860;+00340;+16960;+02980;-00297;-00493;-00208;
-01388;+00084;+17312;+02979;-00343;-00531;-00231;
-01420;+00216;+17116;+02979;-00328;-00525;-00245;
-01372;+00120;+16824;+02979;-00267;-00488;-00259;
-01152;+00112;+16632;+02978;-00234;-00438;-00284;
-01484;+00156;+17000;+02979;-00239;-00400;-00303;
-01424;-00140;+18444;+02980;-00225;-00398;-00283;
-00216;+00168;+16700;+02981;-00087;-00455;-00220;
-00156;+00240;+15724;+02981;+00054;-00505;-00169;
-00968;-00204;+16064;+02981;+00079;-00552;-00182;
-01480;-00328;+16708;+02982;+00009;-00590;-00217;
-01400;-00088;+17088;+02982;-00080;-00607;-00225;
-01476;-00028;+17344;+02980;-00127;-00552;-00199;
-01408;+00028;+16948;+02980;-00135;-00393;-00150;
-01116;+00236;+16540;+02980;-00122;-00175;-00081;
-00796;+00440;+16388;+02978;-00113;+00032;-00014;
-00700;+00088;+16772;+02977;-00109;+00186;+00026;
-00404;+00312;+16476;+02977;-00083;+00235;+00039;
-00340;-00112;+16928;+02979;-00042;+00146;+00017;
-00572;+00192;+17160;+02981;+00004;-00027;-00032;
-01084;+00316;+17172;+02980;+00051;-00191;-00109;
-01408;+00064;+17244;+02978;+00075;-00305;-00178;
-01312;+00084;+17212;+02977;+00063;-00290;-00222;
-00900;-00212;+18112;+02978;+00043;-00171;-00220;
-00996;-00224;+16640;+02979;+00102;-00029;-00214;
-00944;+00044;+16668;+02980;+00172;+00083;-00219;
-01052;+00200;+16988;+02980;+00238;+00115;-00224;
-01028;+00728;+16872;+02980;+00311;+00082;-00224;
-00916;+00820;+16660;+02980;+00355;+00011;-00237;
-00904;+00396;+16772;+02980;+00356;-00070;-00261;
-01324;+00024;+16864;+02979;+00315;-00141;-00281;
-00796;-00308;+17052;+02978;+00285;-00180;-00274;
-00864;-00608;+17424;+02979;+00290;-00175;-00256;
-00676;-00124;+17340;+02978;+00351;-00111;-00245;
-00624;+00448;+17376;+02978;+00444;-00012;-00248;
-00676;+00724;+17284;+02981;+00535;+00084;-00269;
-00864;+00804;+17128;+02982;+00609;+00149;-00307;
-01024;+00764;+17156;+02982;+00652;+00197;-00340;
-00980;+00644;+16716;+02983;+00674;+00234;-00360;
-01184;+00440;+16380;+02982;+00682;+00254;-00365;
-01424;+00300;+16628;+02982;+00677;+00245;-00352;
-01384;+00304;+16932;+02981;+00682;+00183;-00310;
-01332;+00200;+16980;+02981;+00713;+00091;-00255;
-01452;+00148;+17428;+02979;+00765;-00001;-00208;
-01776;+00332;+17464;+02978;+00834;-00016;-00160;
-01264;+00788;+17576;+02978;+00921;+00070;-00085;
-00740;+00952;+17676;+02978;+01029;+00211;-00003;
-00316;+00864;+17484;+02979;+01149;+00355;+00048;
-00500;+00616;+16876;+02980;+01268;+00441;+00052;
-00816;+00240;+16472;+02980;+01362;+00425;+00017;
-01368;+00084;+16436;+02981;+01421;+00301;-00014;
-01476;+00212;+17004;+02983;+01458;+00118;-00019;
-01336;+00544;+17484;+02983;+01497;-00020;+00003;
-01120;+01036;+17592;+02983;+01588;-00085;+00047;
-01024;+01280;+17460;+02982;+01716;-00094;+00083;
-00896;+00976;+17328;+02981;+01846;-00062;+00107;
-01108;+00520;+16932;+02981;+01971;-00012;+00112;
-01028;+00500;+16716;+02979;+02082;+00055;+00103;
-00876;+00744;+17212;+02977;+02174;+00112;+00102;
-00864;+01256;+17376;+02977;+02251;+00146;+00109;
-01204;+01600;+17300;+02978;+02319;+00175;+00114;
-01172;+01820;+17636;+02977;+02386;+00181;+00120;
-01164;+01776;+17440;+02977;+02466;+00177;+00134;
-00928;+01544;+17348;+02976;+02563;+00180;+00146;
-00632;+01356;+17516;+02976;+02682;+00181;+00150;
-01060;+01016;+17916;+02978;+02845;+00134;+00130;
-01520;+01076;+18012;+02979;+03062;+00042;+00119;
-01528;+01464;+17744;+02978;+03314;-00042;+00150;
-01156;+02032;+17696;+02976;+03558;-00075;+00214;
-00820;+02248;+17512;+02976;+03764;-00038;+00282;
-00856;+02460;+17756;+02976;+03936;+00052;+00320;
-00736;+02256;+17156;+02978;+04114;+00133;+00336;
-00392;+01748;+17196;+02979;+04270;+00184;+00335;
-00708;+01548;+16976;+02980;+04424;+00204;+00310;
-01352;+01700;+16864;+02981;+04599;+00185;+00278;
-01552;+02084;+16988;+02981;+04775;+00148;+00262;
-02192;+02264;+17844;+02981;+04926;+00120;+00271;
-00976;+03052;+17144;+02981;+05098;+00128;+00326;
-00572;+03452;+16880;+02982;+05276;+00168;+00384;
-01276;+03112;+18724;+02981;+05394;+00241;+00363;
-00768;+03020;+18252;+02980;+05584;+00297;+00341;
-00972;+03196;+16644;+02981;+05865;+00343;+00308;
-00728;+03216;+16280;+02979;+06102;+00385;+00276;
-00684;+03280;+16548;+02979;+06223;+00409;+00248;
-00884;+03236;+16684;+02981;+06286;+00423;+00213;
-00620;+03384;+16404;+02980;+06378;+00383;+00181;
-00676;+03616;+16204;+02979;+06475;+00292;+00149;
-00840;+03760;+16144;+02979;+06540;+00191;+00107;
-01056;+03912;+16736;+02979;+06568;+00090;+00050;
-01596;+04212;+17060;+02979;+06605;+00004;+00002;
-01852;+04408;+17100;+02979;+06697;-00044;-00011;
-01656;+04532;+17120;+02978;+06824;-00029;+00018;
-01244;+04788;+16932;+02978;+06936;+00065;+00067;
-00548;+05000;+16776;+02978;+07018;+00235;+00107;
-00440;+05048;+16644;+02978;+07077;+00448;+00109;
-01032;+05116;+16072;+02980;+07152;+00660;+00071;
-00692;+05252;+16628;+02978;+07247;+00817;+00032;
-00412;+05380;+16484;+02978;+07400;+00883;-00015;
-00840;+05524;+16796;+02979;+07606;+00836;-00073;
-01456;+05444;+15780;+02981;+07824;+00746;-00132;
-02128;+05668;+14540;+02982;+07980;+00664;-00153;
-01660;+06008;+14664;+02981;+07990;+00596;-00113;
-00260;+06284;+14884;+02981;+07904;+00568;-00047;
-00780;+06172;+15132;+02981;+07805;+00590;-00041;
-01684;+06000;+14920;+02981;+07750;+00624;-00097;
-01556;+06400;+15556;+02981;+07748;+00600;-00149;
-00756;+07052;+16268;+02979;+07814;+00509;-00176;
-00808;+07664;+16608;+02980;+07948;+00408;-00213;
-01964;+07792;+16544;+02979;+08118;+00370;-00271;
-02296;+07900;+16876;+02979;+08329;+00344;-00286;
-02132;+07828;+16584;+02980;+08586;+00337;-00236;
-01884;+07896;+16136;+02979;+08872;+00378;-00152;
-02072;+07976;+15560;+02978;+09138;+00475;-00060;
-02176;+07772;+15260;+02977;+09355;+00620;+00039;
-01632;+07900;+14888;+02979;+09531;+00780;+00164;
-01188;+08008;+14520;+02978;+09691;+00926;+00298;
-01104;+08200;+14152;+02979;+09814;+01058;+00415;
-01284;+08260;+13996;+02979;+09904;+01166;+00496;
-01276;+08444;+13288;+02979;+09978;+01230;+00557;
-01288;+08784;+12916;+02979;+10014;+01255;+00604;
-01452;+08860;+12728;+02980;+10002;+01239;+00625;
-01608;+09028;+12864;+02979;+09942;+01183;+00633;
-01616;+09344;+12780;+02979;+09858;+01116;+00641;
-01508;+09696;+12816;+02977;+09755;+01059;+00666;
-01416;+10096;+12868;+02978;+09637;+01025;+00686;
-01176;+10372;+13044;+02979;+09521;+00982;+00685;
-01180;+10220;+12408;+02977;+09411;+00969;+00646;
-01244;+10252;+12020;+02977;+09296;+00955;+00585;
-01344;+10380;+11604;+02977;+09158;+00912;+00534;
-00784;+10508;+11532;+02977;+09011;+00822;+00509;
-00492;+10828;+11132;+02976;+08839;+00703;+00478;
-00536;+11008;+10860;+02977;+08636;+00585;+00416;
-00532;+11304;+10960;+02977;+08419;+00460;+00318;
-00752;+11384;+11264;+02978;+08197;+00332;+00189;
-01216;+11500;+11224;+02978;+07994;+00224;+00044;
-01344;+11696;+11348;+02978;+07839;+00135;-00090;
-01344;+12040;+11172;+02978;+07720;+00038;-00203;
-01540;+12344;+11024;+02979;+07605;-00077;-00300;
-01928;+12420;+11316;+02979;+07479;-00199;-00373;
-01912;+12564;+11468;+02977;+07357;-00315;-00410;
-01868;+12652;+10924;+02976;+07271;-00414;-00419;
-01720;+12412;+11152;+02977;+07205;-00498;-00415;
-01848;+12184;+10836;+02976;+07151;-00550;-00404;
-01764;+12172;+10792;+02974;+07108;-00557;-00381;
-01444;+12304;+10248;+02975;+07087;-00514;-00347;
-00832;+12428;+10228;+02976;+07051;-00459;-00319;
-00764;+12672;+10436;+02977;+06982;-00399;-00319;
-00888;+12744;+10272;+02976;+06893;-00319;-00349;
-01432;+12868;+09824;+02978;+06796;-00225;-00404;
-01824;+13148;+09884;+02978;+06695;-00141;-00451;
-02016;+13364;+10700;+02978;+06608;-00098;-00458;
-01936;+13640;+09848;+02978;+06584;-00092;-00415;
-01924;+13300;+09128;+02978;+06580;-00122;-00347;
-01932;+12948;+09060;+02978;+06561;-00171;-00268;
-01844;+12824;+08672;+02978;+06529;-00185;-00187;
-01740;+12988;+08460;+02977;+06466;-00198;-00120;
-01808;+13328;+08584;+02975;+06345;-00224;-00076;
-01556;+13916;+09280;+02974;+06200;-00278;-00038;
-01336;+14300;+09608;+02974;+06064;-00325;-00013;
-01468;+14580;+09388;+02974;+05960;-00334;+00006;
-01480;+14512;+09088;+02973;+05883;-00339;+00017;
-01432;+14276;+08692;+02974;+05831;-00364;+00030;
-01688;+13952;+08580;+02974;+05790;-00412;+00050;
-02164;+13712;+08248;+02975;+05740;-00452;+00073;
-02372;+13544;+07936;+02977;+05715;-00484;+00116;
-02040;+13588;+08184;+02976;+05714;-00532;+00184;
-01444;+14144;+08216;+02976;+05714;-00555;+00256;
-00552;+14908;+07824;+02976;+05720;-00534;+00316;
+00012;+15480;+08016;+02976;+05702;-00520;+00339;
-00488;+15524;+08580;+02975;+05637;-00500;+00298;
-00896;+15120;+08192;+02976;+05591;-00465;+00209;
-01004;+14888;+08324;+02976;+05621;-00435;+00122;
-01292;+14648;+07908;+02976;+05696;-00383;+00050;
-01628;+14564;+06820;+02973;+05805;-00355;+00002;
-01968;+14420;+06952;+02973;+05873;-00361;-00010;
-02144;+14528;+06880;+02973;+05884;-00357;+00015;
-02000;+14720;+06976;+02975;+05870;-00321;+00075;
-01816;+14896;+07164;+02976;+05829;-00226;+00147;
-01360;+15084;+06800;+02975;+05769;-00081;+00219;
-00984;+15268;+06352;+02976;+05690;+00030;+00281;
-01196;+15088;+06048;+02975;+05594;+00091;+00314;
-01488;+14868;+06068;+02977;+05480;+00082;+00326;
-01584;+14808;+05604;+02978;+05351;+00022;+00347;
-01128;+14976;+05744;+02979;+05227;-00107;+00402;
-01040;+15264;+05292;+02978;+05100;-00271;+00461;
-01472;+15524;+05724;+02976;+04954;-00445;+00494;
-01652;+15736;+05884;+02977;+04781;-00581;+00523;
-01448;+15636;+06380;+02976;+04650;-00659;+00557;
-01448;+15544;+06528;+02977;+04576;-00670;+00590;
-01440;+15348;+05928;+02978;+04571;-00625;+00615;
-00680;+15488;+05504;+02978;+04622;-00597;+00646;
-01032;+15640;+06144;+02976;+04667;-00595;+00670;
-01912;+15872;+05288;+02976;+04690;-00546;+00683;
-01948;+16176;+04924;+02976;+04689;-00497;+00749;
-01932;+15808;+05112;+02975;+04640;-00465;+00869;
-02028;+15440;+04992;+02975;+04553;-00421;+01016;
-01272;+15436;+03924;+02975;+04482;-00303;+01171;
+00164;+15628;+03552;+02975;+04395;-00154;+01297;
+01344;+15764;+04724;+02974;+04263;-00009;+01341;
+00828;+16252;+05036;+02974;+04162;+00031;+01266;
-01000;+16308;+05212;+02972;+04082;+00008;+01115;
-01360;+16284;+04560;+02972;+04048;+00033;+00987;
-00880;+16192;+03872;+02973;+04028;+00099;+00922;
-00304;+16352;+03884;+02974;+03971;+00167;+00893;
+00540;+16308;+03996;+02973;+03870;+00224;+00858;
+00852;+15988;+03688;+02975;+03765;+00306;+00779;
+00276;+16092;+03860;+02974;+03649;+00390;+00621;
-00572;+16020;+04296;+02974;+03524;+00399;+00421;
-01196;+15996;+04524;+02975;+03426;+00327;+00243;
-01432;+16232;+04616;+02975;+03400;+00251;+00129;
-01536;+16392;+02964;+02974;+03439;+00247;+00070;
-00960;+16256;+03876;+02975;+03451;+00329;+00070;
-00888;+16076;+03212;+02976;+03433;+00481;+00088;
-00032;+15904;+02984;+02976;+03376;+00648;+00118;
+00608;+16200;+03308;+02976;+03262;+00747;+00130;
+00924;+16680;+03664;+02975;+03152;+00758;+00097;
-00324;+16628;+03716;+02975;+03065;+00724;-00017;
-01692;+16332;+03308;+02975;+02977;+00735;-00168;
-02000;+16532;+03312;+02975;+02922;+00781;-00260;
-01032;+16280;+03216;+02977;+02877;+00824;-00268;
-00156;+16228;+03472;+02976;+02877;+00807;-00248;
+00384;+16296;+03144;+02977;+02934;+00659;-00265;
+00208;+16360;+02648;+02978;+02975;+00432;-00346;
-00140;+16588;+02344;+02977;+02968;+00205;-00480;
-00508;+16724;+02468;+02975;+02905;+00003;-00625;
-00428;+16768;+02464;+02975;+02803;-00169;-00756;
-01768;+16392;+02168;+02976;+02688;-00298;-00863;
-03732;+15792;+01540;+02975;+02519;-00258;-00905;
-04344;+15664;+03332;+02975;+02344;+00000;-00778;
-02072;+15916;+03248;+02977;+02306;+00362;-00474;
+00200;+16708;+01724;+02975;+02388;+00527;-00153;
+01076;+17304;+01140;+02974;+02393;+00388;+00024;
+00432;+16972;+00992;+02974;+02253;+00111;+00019;
-01592;+16412;+02000;+02974;+01984;-00152;-00082;
-02464;+16084;+02012;+02974;+01673;-00289;-00150;
-02172;+16164;+02160;+02975;+01408;-00292;-00107;
-01736;+16432;+02252;+02976;+01194;-00229;+00014;
-01396;+16548;+02192;+02977;+01001;-00136;+00148;
-00880;+16716;+02164;+02977;+00841;-00051;+00269;
-00328;+16620;+01852;+02976;+00708;+00024;+00356;
-00112;+16576;+02092;+02976;+00590;+00101;+00401;
-00264;+16480;+02812;+02978;+00497;+00172;+00406;
-00852;+16360;+03360;+02977;+00455;+00227;+00386;
-00768;+16528;+03436;+02976;+00478;+00270;+00361;
-00640;+16472;+03032;+02978;+00554;+00254;+00339;
-00508;+16516;+02744;+02979;+00652;+00184;+00319;
-00380;+16484;+02232;+02979;+00729;+00109;+00297;
-00056;+16476;+02260;+02979;+00775;+00046;+00270;
+00092;+16752;+02380;+02980;+00792;-00006;+00217;
-00284;+16820;+02744;+02979;+00803;-00060;+00127;
-01648;+16280;+03544;+02979;+00823;-00099;+00019;
-01600;+16440;+02440;+02979;+00888;-00197;-00051;
-02700;+16064;+03832;+02979;+00950;-00294;-00048;
-00088;+17156;+01484;+02979;+01101;-00449;+00028;
+00544;+17256;+01644;+02981;+01185;-00508;+00099;
-00176;+16876;+02312;+02980;+01216;-00520;+00091;
-01120;+16536;+01524;+02980;+01241;-00410;+00062;
-01480;+16332;+01628;+02980;+01246;-00206;+00061;
-00796;+16236;+01796;+02980;+01228;+00067;+00087;
-00876;+16340;+02668;+02979;+01193;+00369;+00096;
-01228;+16564;+02996;+02979;+01156;+00635;+00061;
-01912;+16700;+02896;+02980;+01138;+00763;+00016;
-01664;+16752;+02008;+02979;+01150;+00761;+00021;
-00524;+16816;+01268;+02978;+01237;+00611;+00091;
+00000;+16552;+02232;+02980;+01349;+00319;+00164;
+00212;+16128;+02116;+02978;+01406;+00132;+00183;
-00128;+16144;+01620;+02979;+01434;+00141;+00183;
-00420;+16272;+01700;+02979;+01448;+00203;+00174;
-00740;+16388;+01936;+02980;+01437;+00243;+00154;
-01220;+16440;+01832;+02980;+01414;+00287;+00119;
-01380;+16596;+01520;+02980;+01403;+00362;+00090;
-01204;+16716;+01264;+02980;+01410;+00431;+00087;
-01240;+16848;+01272;+02982;+01406;+00413;+00114;
-00944;+16804;+01500;+02982;+01372;+00311;+00157;
-00612;+16620;+01560;+02981;+01315;+00186;+00212;
-00404;+16484;+01552;+02981;+01250;+00091;+00257;
-00116;+16556;+01584;+02980;+01194;+00048;+00279;
-00228;+16700;+01688;+02980;+01166;+00045;+00258;
-00284;+16792;+01808;+02981;+01161;+00058;+00201;
-00416;+16696;+01880;+02983;+01176;+00071;+00122;
-00796;+16488;+01492;+02982;+01191;+00087;+00034;
-01104;+16316;+00752;+02981;+01192;+00099;-00037;
-01320;+16488;+00872;+02980;+01162;+00067;-00071;
-00944;+16756;+01392;+02979;+01128;-00011;-00061;
-00440;+16864;+01628;+02980;+01095;-00060;-00029;
-00220;+16792;+01596;+02981;+01079;-00053;-00011;
-00324;+16748;+01312;+02981;+01081;-00004;-00023;
-00728;+16692;+01448;+02981;+01093;+00035;-00051;
-01104;+16676;+01180;+02983;+01106;+00059;-00070;
-01104;+16652;+01232;+02982;+01114;+00076;-00066;
-00696;+16820;+01232;+02980;+01131;+00093;-00036;
-00216;+16820;+01320;+02980;+01164;+00131;-00004;
-00108;+16596;+01244;+02981;+01218;+00184;-00003;
-00580;+16440;+00408;+02981;+01265;+00241;-00035;
-01228;+16480;+00836;+02982;+01273;+00247;-00056;
-01324;+16544;+00952;+02981;+01258;+00207;-00035;
-01116;+16664;+01000;+02981;+01222;+00162;+00031;
-01060;+16512;+00984;+02982;+01190;+00114;+00105;
-00928;+16456;+00868;+02983;+01165;+00060;+00176;
-00940;+16700;+01020;+02982;+01147;-00003;+00237;
-00944;+16704;+01180;+02980;+01144;-00053;+00290;
-00460;+16752;+00912;+02979;+01149;-00061;+00335;
+00468;+17024;+00736;+02978;+01151;-00036;+00363;
+00476;+17140;+00692;+02979;+01157;-00007;+00328;
+00096;+17040;+00252;+02980;+01153;+00060;+00246;
-00412;+16668;+00120;+02980;+01135;+00135;+00156;
-00652;+16232;+00088;+02982;+01096;+00174;+00088;
-00828;+15860;-00124;+02983;+01035;+00161;+00050;
-00948;+16268;-00032;+02984;+00926;+00114;+00031;
-01628;+16500;+00076;+02983;+00790;+00075;+00023;
-02604;+16876;+00332;+02984;+00653;+00070;+00044;
-00568;+17280;+00736;+02984;+00545;+00075;+00145;
-00264;+16964;+01468;+02983;+00482;+00102;+00242;
+00012;+16664;-00588;+02982;+00438;+00302;+00275;
-00136;+16608;-00780;+02981;+00418;+00468;+00288;
-00564;+16820;+01312;+02982;+00420;+00447;+00308;
-00348;+16872;+00900;+02982;+00403;+00391;+00326;
-00380;+16724;+00272;+02983;+00376;+00348;+00330;
-00684;+16716;+00492;+02982;+00353;+00266;+00324;
-01092;+16660;+00228;+02981;+00323;+00169;+00318;
-01136;+16740;+00200;+02980;+00279;+00109;+00334;
-00784;+16744;+00488;+02980;+00249;+00064;+00372;
-00592;+16596;+00604;+02980;+00232;+00023;+00414;
-00312;+16548;+00560;+02980;+00223;-00018;+00451;
-00212;+16584;+00656;+02980;+00225;-00063;+00479;
+00192;+16848;+00492;+02980;+00223;-00098;+00486;
+00664;+16704;-00144;+02980;+00213;-00129;+00459;
+00552;+16644;+00372;+02982;+00189;-00188;+00373;
+00580;+16568;+00248;+02982;+00138;-00212;+00251;
+00424;+16788;+00200;+02982;+00086;-00189;+00103;
-00188;+16988;+00292;+02982;+00026;-00125;-00071;
-00636;+17052;+00156;+02981;-00045;-00031;-00232;
-00724;+16828;+00148;+02980;-00107;+00049;-00350;
-00932;+16284;+00288;+02980;-00159;+00064;-00408;
-00872;+16276;+00656;+02982;-00198;+00021;-00417;
-01024;+16776;+00852;+02982;-00225;-00026;-00401;
-01064;+16688;-00304;+02981;-00232;-00045;-00376;
-01104;+16740;+00332;+02983;-00220;-00145;-00328;
-00496;+16816;+01100;+02986;-00199;-00251;-00253;
+00268;+16780;+00296;+02986;-00178;-00240;-00185;
+00184;+16660;+00532;+02987;-00140;-00201;-00166;
-00740;+16660;+01112;+02985;-00120;-00143;-00183;
-01872;+16500;+00752;+02984;-00107;+00020;-00175;
-01124;+16624;-00120;+02983;-00080;+00200;-00089;
-00444;+16704;+00200;+02981;-00036;+00205;+00025;
+00184;+16828;+00184;+02983;-00016;+00095;+00105;
-00220;+16556;+00548;+02984;-00022;-00018;+00129;
-01072;+16320;+00820;+02981;-00023;-00023;+00128;
-00764;+16436;+00788;+02979;-00007;+00072;+00164;
-00336;+16644;+00784;+02981;+00024;+00161;+00203;
-00084;+16860;+00608;+02982;+00048;+00185;+00215;
-00088;+17048;+00512;+02982;+00051;+00166;+00196;
-00316;+17076;+00576;+02981;+00049;+00137;+00160;
-00476;+16808;+00564;+02981;+00055;+00118;+00122;
-00616;+16640;+00552;+02982;+00068;+00107;+00098;
-00892;+16540;+00508;+02983;+00077;+00089;+00088;
-00660;+16624;+00676;+02983;+00078;+00056;+00099;
-00396;+16652;+00596;+02983;+00079;+00035;+00116;
-00208;+16852;+00560;+02982;+00085;+00032;+00119;
-00104;+16896;+00524;+02982;+00103;+00040;+00098;
-00192;+16768;+00492;+02980;+00128;+00060;+00056;
-00292;+16572;+00384;+02980;+00156;+00087;+00013;
-00036;+16356;-00012;+02981;+00164;+00065;-00017;
+00224;+16504;+00324;+02982;+00141;-00094;-00041;
+00016;+16744;+00556;+02983;+00079;-00285;-00092;
-00068;+16836;+00524;+02984;+00005;-00381;-00162;
-00292;+16852;+00580;+02984;-00051;-00339;-00234;
-00560;+16796;+00476;+02983;-00089;-00195;-00293;
-00676;+16628;+00552;+02983;-00119;-00033;-00340;
-00884;+16400;+00460;+02983;-00143;+00098;-00373;
-00648;+16476;+00532;+02983;-00153;+00180;-00381;
-01016;+16588;+00264;+02984;-00159;+00227;-00372;
-01364;+16816;-00016;+02984;-00169;+00242;-00336;
-01048;+16936;+00484;+02984;-00186;+00197;-00252;
-00732;+16688;+00552;+02983;-00203;+00127;-00138;
-00520;+16548;+00236;+02985;-00226;+00062;-00032;
-00444;+16724;+00456;+02985;-00245;-00005;+00050;
-00480;+16784;+00280;+02986;-00250;-00036;+00103;
-00476;+16956;+00396;+02986;-00225;-00038;+00126;
-00512;+16820;+00688;+02985;-00178;-00051;+00134;
-00228;+16596;+00912;+02986;-00125;-00038;+00127;
-00116;+16360;+00608;+02988;-00067;+00037;+00121;
-00152;+16388;+00688;+02988;-00006;+00132;+00121;
-00224;+16664;+00836;+02988;+00044;+00222;+00127;
-00632;+17036;+00684;+02988;+00081;+00301;+00123;
-00456;+17052;+00336;+02987;+00123;+00367;+00114;
-00720;+16904;+00784;+02986;+00174;+00407;+00104;
-00436;+16664;+00972;+02986;+00240;+00439;+00100;
-00264;+16636;+00784;+02986;+00317;+00488;+00104;
-00604;+16608;+00436;+02986;+00393;+00539;+00095;
-00956;+16476;+00256;+02987;+00451;+00546;+00086;
-00892;+16656;+00196;+02987;+00499;+00442;+00098;
-00488;+16872;+00264;+02988;+00505;+00276;+00138;
-00228;+16848;+00124;+02987;+00487;+00166;+00181;
-00156;+16648;-00380;+02984;+00467;+00168;+00215;
-00508;+16348;-00716;+02985;+00429;+00265;+00234;
-00652;+16368;-00572;+02985;+00359;+00389;+00250;
-00392;+16508;+00020;+02984;+00262;+00505;+00276;
-00424;+16728;+00552;+02984;+00188;+00558;+00301;
-01096;+16752;+00708;+02985;+00129;+00545;+00317;
-01128;+16984;+00036;+02985;+00082;+00559;+00382;
-00444;+17300;-00636;+02985;+00042;+00616;+00508;
-00364;+17120;-00140;+02986;-00001;+00692;+00635;
-00284;+16648;-00212;+02985;-00051;+00768;+00729;
+00264;+16356;+00360;+02984;-00097;+00823;+00780;
+00240;+16244;+00564;+02984;-00142;+00842;+00767;
+00172;+16196;+00372;+02984;-00176;+00846;+00708;
-00244;+16420;+00100;+02984;-00219;+00856;+00635;
+00024;+16764;+00032;+02984;-00258;+00856;+00577;
-00040;+16540;+00740;+02984;-00288;+00818;+00541;
+00288;+16492;+00328;+02984;-00301;+00723;+00505;
-00392;+16524;+00340;+02985;-00330;+00617;+00472;
-00208;+16864;+00108;+02985;-00387;+00565;+00442;
+00152;+16656;+00636;+02987;-00443;+00637;+00417;
+00060;+16652;+00716;+02986;-00440;+00774;+00388;
-00180;+16660;+00632;+02986;-00379;+00912;+00353;
-00172;+16672;+00228;+02986;-00323;+00974;+00329;
-00088;+16856;+00388;+02986;-00306;+00958;+00308;
-00132;+16888;+00396;+02986;-00333;+00887;+00288;
+00040;+17176;+00764;+02984;-00370;+00803;+00275;
-00024;+17012;+00792;+02985;-00380;+00746;+00263;
-00536;+16792;+00452;+02983;-00354;+00713;+00250;
-00336;+16896;+00208;+02983;-00311;+00641;+00272;
+00140;+16800;+00340;+02983;-00281;+00527;+00316;
+00524;+16488;+00680;+02984;-00274;+00447;+00358;
+00180;+16220;+00596;+02985;-00255;+00466;+00378;
-00272;+16152;+00488;+02985;-00261;+00577;+00374;
-00180;+16452;+00280;+02985;-00285;+00661;+00380;
+00032;+16756;-00632;+02985;-00316;+00702;+00393;
-00176;+16792;+00688;+02986;-00321;+00722;+00405;
+00040;+16564;+00188;+02987;-00362;+00724;+00415;
+00088;+16352;+00216;+02986;-00411;+00688;+00416;
-00188;+16540;+00052;+02986;-00457;+00616;+00408;
-00436;+17128;+00352;+02987;-00530;+00512;+00411;
-00284;+17552;+00608;+02986;-00585;+00369;+00453;
-00112;+17344;+00400;+02985;-00630;+00228;+00521;
+00164;+16984;+00372;+02985;-00674;+00145;+00595;
+00092;+16700;+00596;+02985;-00700;+00111;+00647;
+00344;+16376;+00772;+02985;-00685;+00094;+00679;
+00228;+16352;+00760;+02986;-00613;+00072;+00685;
+00216;+16156;+00712;+02986;-00578;+00037;+00658;
+00364;+16520;+01256;+02986;-00546;+00031;+00630;
+00444;+16964;+01612;+02986;-00475;+00068;+00608;
+00404;+17308;+00892;+02985;-00351;+00178;+00588;
+00260;+17288;+01060;+02984;-00199;+00352;+00563;
+00224;+16940;+01148;+02984;-00024;+00540;+00530;
+00616;+16716;+00100;+02984;+00172;+00716;+00498;
+00576;+16164;+01044;+02985;+00340;+00884;+00437;
+00848;+15896;+00616;+02984;+00445;+01019;+00350;
+00468;+15808;+00628;+02983;+00543;+01166;+00250;
+00412;+16380;+00152;+02985;+00621;+01312;+00157;
+00200;+17048;+00412;+02985;+00690;+01415;+00088;
-00092;+17304;+01552;+02984;+00747;+01467;+00044;
-00220;+17516;+00768;+02985;+00831;+01484;+00046;
-00132;+17044;-00276;+02986;+00824;+01498;+00067;
+00048;+16876;+00852;+02986;+00780;+01506;+00123;
-00032;+16280;+00516;+02984;+00684;+01512;+00158;
+00376;+16180;-00064;+02984;+00631;+01492;+00184;
+00632;+16140;-00096;+02984;+00575;+01496;+00166;
+00720;+16460;+00112;+02985;+00490;+01533;+00113;
+00488;+16680;+00088;+02985;+00431;+01585;+00035;
+00164;+16948;+01704;+02985;+00412;+01592;-00022;
-00052;+17116;+02240;+02986;+00468;+01569;-00033;
+00140;+16960;+00432;+02987;+00553;+01548;-00010;
+00092;+16700;-00304;+02986;+00554;+01530;+00039;
+00416;+16404;-00936;+02986;+00505;+01538;+00093;
+00696;+16400;-01068;+02983;+00417;+01649;+00124;
+00696;+16644;-00244;+02982;+00336;+01883;+00115;
+00680;+17004;+00140;+02983;+00301;+02197;+00082;
+00704;+17028;-00416;+02984;+00335;+02539;+00032;
+00308;+17016;+00064;+02985;+00449;+02836;-00014;
+00620;+16676;-00560;+02985;+00531;+03064;-00041;
+00464;+16640;+00048;+02985;+00566;+03224;-00057;
+00540;+16844;-00328;+02985;+00555;+03373;-00075;
-00192;+17052;-00196;+02985;+00506;+03510;-00088;
+00456;+16804;-00684;+02986;+00456;+03634;-00086;
+00580;+16484;+00404;+02985;+00404;+03835;-00103;
+00372;+16132;+00228;+02984;+00347;+04139;-00150;
+00676;+16096;-00640;+02985;+00345;+04437;-00203;
+00204;+16488;-00472;+02985;+00358;+04649;-00247;
+00348;+16884;-00132;+02985;+00361;+04720;-00283;
+00380;+16604;+00280;+02985;+00270;+04719;-00312;
-00064;+16676;-00020;+02986;+00112;+04705;-00336;
+00052;+16888;-00588;+02985;-00036;+04692;-00333;
+00376;+16760;-00172;+02984;-00161;+04702;-00314;
-00064;+16652;+01696;+02984;-00239;+04763;-00302;
+00436;+16876;+00988;+02985;-00231;+04887;-00313;
-00416;+16928;+00304;+02984;-00156;+05048;-00345;
+00176;+17092;-00076;+02985;-00091;+05129;-00353;
+00592;+16684;+00324;+02984;-00060;+05106;-00356;
+00296;+16328;+00164;+02985;-00031;+04968;-00376;
+00548;+15904;-00072;+02986;-00016;+04786;-00393;
+00764;+15936;+00496;+02987;-00036;+04621;-00398;
+00148;+16588;-00304;+02985;-00057;+04520;-00402;
+00156;+17176;-00656;+02986;-00058;+04501;-00377;
-00088;+17156;-00144;+02985;-00003;+04468;-00322;
-00140;+17112;+00356;+02986;+00046;+04427;-00261;
-00096;+16772;+00804;+02985;+00079;+04383;-00207;
+00372;+16680;+00724;+02985;+00076;+04366;-00177;
+00128;+16692;+00824;+02987;+00026;+04407;-00183;
-00096;+16816;+00160;+02988;-00012;+04429;-00196;
+00156;+16780;+00056;+02987;-00001;+04380;-00185;
+00348;+16544;+00072;+02986;+00027;+04312;-00148;
+00052;+16448;+01180;+02987;+00014;+04282;-00109;
-00208;+16324;+00504;+02987;-00019;+04250;-00061;
-00412;+16420;-00852;+02987;-00052;+04223;+00005;
-00160;+16500;-00776;+02987;-00127;+04188;+00074;
+00500;+16644;-00024;+02988;-00201;+04104;+00127;
+00572;+16560;+00224;+02988;-00216;+04026;+00148;
+00388;+16508;-00332;+02986;-00199;+04012;+00142;
+00760;+16968;-00160;+02984;-00200;+04063;+00135;
+00336;+16464;+00228;+02985;-00186;+04091;+00144;
+00536;+16436;-00168;+02985;-00184;+04135;+00176;
+00436;+16396;-00092;+02985;-00206;+04189;+00202;
+00384;+16828;-00444;+02986;-00220;+04237;+00205;
+00248;+17128;+00040;+02986;-00219;+04314;+00190;
+00416;+16824;+00320;+02987;-00200;+04456;+00164;
+00392;+16484;+00476;+02987;-00116;+04675;+00117;
+00576;+16760;+00148;+02986;+00019;+04937;+00066;
+00296;+16896;-00168;+02986;+00132;+05155;+00022;
+00244;+17136;-00052;+02986;+00231;+05286;+00002;
+00580;+16896;+00208;+02986;+00255;+05354;+00015;
+00816;+16500;+00752;+02986;+00228;+05395;+00026;
+00528;+16256;-00216;+02986;+00193;+05417;+00018;
+00332;+16524;+00368;+02986;+00190;+05411;-00008;
+00468;+16760;+00004;+02986;+00183;+05408;-00041;
+00536;+16984;-00156;+02985;+00171;+05434;-00082;
+00636;+16908;-00572;+02987;+00162;+05470;-00123;
+00364;+16640;-00284;+02988;+00183;+05521;-00157;
+00480;+16424;+00128;+02988;+00220;+05596;-00186;
+00196;+16420;-00304;+02988;+00247;+05678;-00214;
+00568;+16520;-00024;+02988;+00267;+05747;-00239;
+00380;+16568;+00040;+02989;+00269;+05821;-00258;
+00200;+16816;-00068;+02988;+00261;+05917;-00266;
+00156;+16784;-00196;+02987;+00242;+06046;-00259;
+00256;+16628;+00368;+02988;+00197;+06215;-00241;
+00316;+16600;+00132;+02988;+00164;+06401;-00225;
+00420;+16680;-00572;+02988;+00165;+06591;-00229;
+00552;+16628;-00476;+02987;+00181;+06741;-00244;
+00512;+16608;+00012;+02986;+00211;+06830;-00265;
+00636;+16752;+00156;+02986;+00229;+06857;-00290;
+00728;+16500;+00400;+02986;+00244;+06811;-00317;
+00132;+16448;+00224;+02986;+00271;+06745;-00331;
-00220;+16140;+01052;+02987;+00251;+06650;-00325;
-00236;+16876;-00708;+02987;+00316;+06451;-00284;
+00376;+17164;-00504;+02986;+00315;+06331;-00235;
+00032;+16920;-00448;+02986;+00259;+06142;-00187;
+00216;+17064;-01324;+02986;+00180;+05897;-00136;
+00640;+17364;-00088;+02987;+00099;+05618;-00063;
+00444;+17016;-00004;+02987;+00032;+05334;+00003;
+00836;+17028;-00084;+02987;-00142;+05165;+00056;
+00628;+16660;-00060;+02987;-00283;+04987;+00096;
+00388;+16408;-00160;+02988;-00365;+04811;+00127;
+00056;+16600;-00156;+02988;-00432;+04676;+00153;
+01456;+16976;+00316;+02988;-00516;+04612;+00184;
+00424;+16740;-00088;+02989;-00540;+04558;+00186;
+00256;+16628;-00180;+02989;-00485;+04456;+00179;
+00624;+16508;+00740;+02987;-00438;+04430;+00157;
+00704;+16372;-00072;+02986;-00394;+04449;+00108;
+00824;+16452;+00224;+02986;-00361;+04502;+00035;
+00760;+16520;-00240;+02987;-00344;+04555;-00035;
+00716;+16544;+00356;+02987;-00347;+04579;-00096;
+00380;+16416;+00368;+02987;-00346;+04566;-00156;
+00460;+16528;+00080;+02987;-00353;+04541;-00220;
+00464;+16544;+00584;+02988;-00369;+04498;-00279;
+00132;+16596;+00376;+02987;-00377;+04492;-00342;
+00176;+16828;+00056;+02987;-00370;+04554;-00393;
+00216;+17060;+00472;+02987;-00349;+04645;-00424;
+00292;+17260;-00292;+02988;-00326;+04727;-00447;
+00160;+17004;+00132;+02988;-00304;+04781;-00449;
+00492;+16600;+00376;+02988;-00303;+04811;-00432;
+00568;+16332;-00112;+02988;-00321;+04865;-00415;
+00544;+16512;+00180;+02987;-00332;+04973;-00402;
+00276;+16568;+00600;+02987;-00302;+05090;-00369;
+00400;+16632;+00708;+02988;-00238;+05209;-00323;
+00284;+16496;+00216;+02988;-00154;+05326;-00274;
+00192;+16564;+00180;+02987;-00088;+05451;-00236;
+00096;+16588;+00152;+02985;-00003;+05539;-00189;
+00364;+16688;-00244;+02986;+00044;+05572;-00137;
+00572;+16940;-00008;+02988;+00060;+05575;-00094;
+00676;+16808;+00088;+02988;+00060;+05561;-00078;
+00532;+16684;-00488;+02988;+00047;+05537;-00091;
+00540;+16948;-00088;+02987;+00018;+05493;-00120;
+00640;+16964;+00068;+02987;-00038;+05436;-00160;
+00500;+16932;-00032;+02987;-00098;+05375;-00198;
+00584;+16940;+00324;+02986;-00153;+05327;-00230;
+00788;+16528;+00268;+02986;-00187;+05274;-00259;
+00332;+16256;+00192;+02986;-00182;+05201;-00288;
+00284;+16572;+00280;+02985;-00169;+05117;-00304;
+00364;+16732;+00368;+02987;-00155;+05051;-00303;
+00320;+16856;-00128;+02990;-00137;+05003;-00282;
+00616;+16944;+00232;+02991;-00124;+04979;-00256;
+00424;+16804;+00436;+02991;-00110;+04980;-00243;
+00500;+16696;+00128;+02991;-00078;+04990;-00228;
+00560;+16704;+00080;+02991;-00038;+05011;-00219;
+00588;+16448;-00112;+02991;-00014;+05001;-00213;
+00624;+16532;+00128;+02992;+00003;+04943;-00204;
+00664;+16428;-00404;+02991;+00014;+04873;-00187;
+00664;+16672;-00560;+02991;+00027;+04782;-00158;
+00688;+16608;-00192;+02989;+00007;+04648;-00132;
+00488;+16892;-00368;+02990;-00059;+04452;-00123;
+00636;+16788;-00104;+02990;-00140;+04225;-00128;
+00672;+16448;+00360;+02991;-00228;+04001;-00155;
+00612;+16260;+00696;+02991;-00294;+03806;-00206;
+00644;+16184;+01032;+02992;-00316;+03685;-00267;
+00176;+16340;+00812;+02993;-00287;+03634;-00330;
+00332;+16772;+00388;+02992;-00223;+03665;-00381;
+00204;+17300;+00060;+02993;-00144;+03768;-00405;
+00268;+17632;-00140;+02992;-00082;+03919;-00389;
+00440;+17268;-00216;+02992;-00048;+04096;-00343;
+00448;+17020;-00388;+02991;-00027;+04238;-00291;
+00420;+16752;-00104;+02991;-00014;+04333;-00248;
+00388;+16540;+00348;+02991;+00003;+04391;-00235;
+00548;+16352;+00344;+02990;+00021;+04452;-00247;
+00204;+16292;+00440;+02988;+00055;+04500;-00280;
+00136;+16500;+00752;+02988;+00108;+04574;-00314;
+00076;+16568;+00508;+02988;+00176;+04691;-00323;
-00064;+16588;+00152;+02988;+00278;+04850;-00304;
+00116;+16596;+00052;+02988;+00367;+05040;-00277;
+00112;+16612;-00396;+02988;+00417;+05185;-00262;
+00548;+16756;-00236;+02989;+00444;+05266;-00255;
+00464;+16844;-00240;+02991;+00456;+05269;-00248;
+00512;+16948;-00028;+02990;+00432;+05210;-00242;
+00688;+16768;-00132;+02988;+00396;+05110;-00239;
+00556;+16384;-00184;+02989;+00361;+04968;-00241;
+00420;+16392;-00040;+02989;+00334;+04779;-00256;
+00356;+16660;-00208;+02988;+00312;+04597;-00265;
+00160;+16888;-00068;+02987;+00296;+04436;-00259;
+00284;+16956;+00364;+02988;+00272;+04308;-00242;
+00292;+16928;-00308;+02988;+00221;+04186;-00221;
+00312;+16932;+00020;+02987;+00165;+04049;-00204;
+00160;+16800;+00028;+02987;+00114;+03909;-00190;
+00440;+16688;+00016;+02986;+00066;+03789;-00166;
+00272;+16520;+00716;+02987;+00049;+03690;-00138;
+00240;+16340;+00540;+02989;+00070;+03647;-00108;
+00176;+16380;+00564;+02990;+00118;+03670;-00080;
-00016;+16480;+00452;+02990;+00196;+03751;-00055;
+00320;+16712;-00488;+02990;+00292;+03879;-00022;
+00492;+16876;-00152;+02990;+00388;+04026;+00009;
+00624;+16900;-00260;+02989;+00458;+04140;+00033;
+00744;+16756;-00644;+02989;+00484;+04180;+00050;
+00564;+16764;-00100;+02989;+00476;+04135;+00048;
+00460;+16872;-00136;+02989;+00425;+04059;+00033;
+00464;+16748;+00112;+02991;+00368;+03994;+00009;
+00544;+16632;+00336;+02991;+00331;+03960;-00026;
+00660;+16544;-00264;+02994;+00324;+03954;-00078;
+00524;+16388;-00120;+02993;+00368;+03975;-00125;
+00628;+16616;-00720;+02992;+00427;+04011;-00145;
+00532;+17064;-00508;+02991;+00478;+03994;-00142;
+00528;+16916;-00160;+02992;+00472;+03912;-00148;
+00624;+16508;+00008;+02993;+00425;+03774;-00164;
+00640;+16356;-00368;+02993;+00377;+03618;-00198;
+00560;+16608;+00084;+02993;+00337;+03446;-00247;
+00596;+16804;+00144;+02993;+00305;+03296;-00293;
+00520;+16804;+00052;+02993;+00296;+03199;-00324;
+00296;+16724;+00268;+02992;+00312;+03169;-00330;
+00528;+16508;-00180;+02991;+00343;+03205;-00319;
+00484;+16424;-00624;+02991;+00401;+03273;-00300;
+00108;+16896;-00344;+02992;+00440;+03356;-00284;
+00208;+17456;-00388;+02992;+00437;+03434;-00260;
+00020;+17544;-00324;+02991;+00407;+03536;-00216;
+00152;+17172;-00520;+02990;+00381;+03681;-00151;
+00428;+16488;-00080;+02991;+00395;+03867;-00078;
+00432;+16024;-00088;+02993;+00472;+04052;-00027;
+00504;+15984;+00096;+02993;+00588;+04229;+00000;
+00596;+16244;-00088;+02993;+00703;+04405;+00012;
+00460;+16512;-00120;+02993;+00796;+04574;+00026;
+00628;+16640;-00592;+02993;+00854;+04737;+00040;
+00752;+16704;-00308;+02993;+00868;+04851;+00052;
+00772;+16668;-01036;+02993;+00862;+04860;+00046;
+00868;+16716;-00540;+02992;+00813;+04789;+00015;
+01172;+16656;-00992;+02990;+00733;+04621;-00033;
+00860;+16608;-00732;+02990;+00638;+04388;-00103;
+00772;+16664;-00640;+02990;+00522;+04102;-00191;
+00800;+16744;-00684;+02988;+00389;+03821;-00268;
+00732;+16852;-00452;+02988;+00265;+03564;-00336;
+00480;+16644;-00392;+02990;+00172;+03334;-00384;
+00412;+16564;-00736;+02992;+00099;+03156;-00410;
+00236;+16816;-00308;+02993;+00039;+03030;-00406;
+00304;+16908;-00880;+02993;+00008;+02942;-00387;
+00412;+17044;-00976;+02993;+00003;+02861;-00350;
+00324;+16972;-00688;+02992;-00014;+02762;-00310;
+00140;+16928;-00168;+02992;-00041;+02657;-00270;
+00176;+16836;-00480;+02994;-00092;+02596;-00225;
+00184;+16720;-00124;+02993;-00123;+02603;-00173;
+00188;+16480;-00304;+02991;-00115;+02679;-00117;
+00164;+16272;-00088;+02991;-00082;+02813;-00056;
+00196;+16176;-00612;+02991;-00037;+02959;+00010;
+00292;+16452;-00720;+02991;+00004;+03092;+00078;
+00200;+16632;-00412;+02992;+00055;+03191;+00137;
+00156;+16896;-00476;+02992;+00093;+03289;+00184;
+00356;+16864;-00476;+02991;+00116;+03423;+00236;
+00420;+16748;-00952;+02991;+00149;+03563;+00284;
+00816;+16856;-00472;+02990;+00193;+03700;+00321;
+00660;+16548;-00652;+02990;+00233;+03811;+00352;
+00900;+16664;-00832;+02991;+00245;+03882;+00363;
+01140;+16540;-00960;+02990;+00248;+03899;+00353;
+01020;+16480;-00880;+02989;+00248;+03837;+00321;
+01132;+16704;-00800;+02990;+00221;+03685;+00270;
+01088;+16760;-00660;+02990;+00148;+03455;+00202;
+00752;+16872;-00464;+02990;+00038;+03182;+00117;
+00732;+17064;-00120;+02991;-00075;+02934;+00030;
+00864;+16832;-00316;+02991;-00165;+02734;-00041;
+00760;+16484;+00264;+02992;-00220;+02573;-00095;
+00488;+16308;-00168;+02992;-00238;+02458;-00137;
+00724;+16320;-00152;+02992;-00251;+02411;-00152;
+00324;+16256;-00480;+02994;-00245;+02406;-00158;
+00332;+16608;-00576;+02995;-00213;+02472;-00156;
+00820;+16768;-00484;+02994;-00129;+02610;-00144;
+00508;+16956;-00344;+02994;-00004;+02755;-00145;
+00544;+17116;-00176;+02992;+00106;+02928;-00136;
+00548;+16836;-00276;+02991;+00169;+03123;-00104;
+00284;+16600;-00456;+02990;+00211;+03336;-00065;
+00572;+16632;-00304;+02989;+00247;+03609;-00021;
+01068;+16284;-00660;+02989;+00304;+03909;+00024;
+01228;+16412;-01024;+02990;+00428;+04136;+00059;
+01408;+16544;-00976;+02990;+00542;+04222;+00085;
+01768;+16784;-01360;+02990;+00585;+04109;+00082;
+01256;+16984;-01456;+02990;+00599;+03798;+00021;
+01400;+17332;-01156;+02989;+00534;+03399;-00075;
+01588;+16860;-00796;+02987;+00381;+02970;-00186;
+01584;+16276;-00556;+02986;+00202;+02469;-00320;
+01228;+15952;-00356;+02988;+00034;+01900;-00476;
+01228;+16008;-00224;+02988;-00126;+01339;-00636;
+01316;+16432;-00572;+02990;-00244;+00817;-00779;
+01188;+16792;-00512;+02990;-00307;+00329;-00903;
+01048;+16892;-01024;+02990;-00346;-00155;-01003;
+00660;+16956;-00652;+02990;-00385;-00646;-01078;
+00360;+16748;-00520;+02991;-00453;-01090;-01135;
-00060;+16728;-00408;+02991;-00536;-01421;-01171;
-00012;+16892;-00576;+02993;-00596;-01615;-01179;
-00148;+17008;-00424;+02993;-00619;-01680;-01162;
-00312;+16836;-00264;+02992;-00606;-01619;-01108;
-00264;+16668;-00304;+02992;-00561;-01446;-01012;
-00176;+16576;-00224;+02992;-00485;-01207;-00893;
-00044;+16740;-00208;+02992;-00390;-00932;-00761;
+00020;+16796;-00424;+02992;-00293;-00673;-00643;
+00132;+16640;-00604;+02990;-00219;-00459;-00538;
+00296;+16648;-00696;+02991;-00173;-00308;-00457;
+00420;+16644;-00608;+02992;-00146;-00218;-00400;
+00320;+16668;-00476;+02993;-00123;-00186;-00360;
+00180;+16712;-00572;+02993;-00114;-00177;-00325;
+00404;+16776;-00608;+02993;-00117;-00170;-00289;
+00476;+16872;-00488;+02992;-00118;-00180;-00263;
+00384;+16908;-00692;+02992;-00128;-00201;-00246;
+00452;+16696;-00724;+02993;-00153;-00235;-00226;
+00280;+16616;-00580;+02993;-00190;-00281;-00206;
+00408;+16484;-00436;+02992;-00230;-00308;-00187;
+00500;+16440;-00592;+02992;-00256;-00312;-00176;
+00528;+16460;-00620;+02991;-00261;-00312;-00178;
+00516;+16688;-00460;+02992;-00254;-00324;-00190;
+00464;+16920;-00436;+02992;-00255;-00341;-00215;
+00392;+16896;-00448;+02992;-00263;-00353;-00243;
+00488;+16764;-00324;+02990;-00281;-00352;-00274;
+00340;+16644;-00224;+02990;-00294;-00362;-00309;
+00456;+16480;-00408;+02989;-00300;-00360;-00340;
-00112;+16360;+01304;+02989;-00282;-00359;-00361;
+00808;+16340;-00764;+02990;-00246;-00345;-00378;
+00568;+17264;-01400;+02988;-00216;-00396;-00401;
+00308;+17664;-01104;+02987;-00225;-00588;-00438;
+00076;+17088;-00320;+02989;-00310;-00811;-00486;
-00156;+16276;+00168;+02989;-00432;-00944;-00506;
-00284;+16100;+00264;+02990;-00504;-00919;-00473;
-00236;+16108;+00092;+02990;-00489;-00745;-00394;
+00092;+16260;-00064;+02990;-00393;-00494;-00304;
+00396;+16496;-00624;+02990;-00275;-00240;-00218;
+00584;+16676;-00848;+02991;-00173;-00072;-00159;
+00796;+16808;-01064;+02991;-00122;-00039;-00125;
+00640;+16848;-00832;+02993;-00134;-00136;-00112;
+00212;+16984;-00120;+02995;-00187;-00295;-00114;
+00168;+17096;-00268;+02994;-00257;-00401;-00125;
+00236;+17156;-00504;+02994;-00319;-00420;-00143;
+00276;+16780;-00224;+02995;-00352;-00379;-00165;
+00592;+16408;-00724;+02994;-00371;-00315;-00184;
+00804;+16372;-00356;+02993;-00367;-00299;-00200;
+00620;+16392;-00316;+02993;-00350;-00355;-00226;
+00220;+16444;-00192;+02994;-00346;-00430;-00257;
+00128;+16532;-00232;+02993;-00362;-00460;-00278;
-00016;+16692;-00164;+02993;-00371;-00447;-00292;
-00068;+16668;+00276;+02992;-00360;-00383;-00304;
+00056;+16644;-00112;+02993;-00334;-00241;-00305;
-00032;+16784;-00088;+02993;-00287;-00054;-00304;
+00068;+16572;-00172;+02992;-00235;+00150;-00307;
+00136;+16552;-00512;+02992;-00186;+00353;-00300;
+00364;+16784;-00572;+02990;-00141;+00516;-00281;
+00384;+16948;-00500;+02989;-00105;+00597;-00268;
+00224;+16776;-00160;+02990;-00080;+00596;-00263;
+00072;+16832;-00024;+02990;-00074;+00569;-00261;
+00076;+16668;-00172;+02990;-00068;+00565;-00266;
-00068;+16692;+00288;+02990;-00041;+00600;-00262;
-00152;+16556;+00088;+02991;+00008;+00706;-00246;
+00004;+16548;-00144;+02992;+00081;+00869;-00210;
+00152;+16708;-00532;+02991;+00171;+01024;-00167;
+00156;+16772;-00616;+02991;+00242;+01111;-00139;
+00232;+16860;-00424;+02992;+00281;+01120;-00140;
+00220;+16908;-00504;+02993;+00286;+01071;-00160;
+00316;+16652;-00648;+02993;+00272;+00991;-00184;
+00168;+16632;-00340;+02993;+00257;+00874;-00207;
-00064;+16600;-00420;+02993;+00236;+00754;-00223;
+00124;+16748;-00404;+02993;+00211;+00670;-00234;
+00168;+16776;-00460;+02994;+00196;+00614;-00238;
+00096;+16636;-00556;+02993;+00186;+00561;-00237;
+00072;+16492;-00456;+02993;+00170;+00507;-00224;
+00120;+16480;-00056;+02992;+00145;+00465;-00207;
+00292;+16780;-00444;+02992;+00124;+00471;-00195;
+00492;+16984;-00876;+02994;+00116;+00473;-00183;
+00452;+16948;-00660;+02993;+00099;+00415;-00176;
+00376;+16868;-00908;+02992;+00054;+00295;-00172;
+00216;+16652;-00608;+02991;-00020;+00113;-00168;
-00292;+16332;+00016;+02990;-00097;-00059;-00152;
-00116;+16432;-00568;+02990;-00160;-00122;-00099;
-00172;+16708;-00544;+02989;-00197;-00104;-00027;
+00124;+16912;-00644;+02990;-00221;-00057;+00048;
+00208;+16804;-00760;+02991;-00241;-00001;+00116;
+00328;+16780;-00604;+02991;-00262;+00035;+00173;
+00364;+16624;-00440;+02992;-00281;+00036;+00212;
+00304;+16556;-00596;+02993;-00302;+00013;+00228;
+00384;+16532;-00340;+02994;-00322;-00044;+00221;
+00024;+16448;+00244;+02994;-00335;-00116;+00194;
+00048;+16356;-00148;+02994;-00329;-00141;+00163;
+00200;+16644;-00532;+02992;-00302;-00109;+00133;
+00260;+16800;-00344;+02993;-00249;-00071;+00092;
+00424;+16984;-00540;+02994;-00191;-00042;+00047;
+00504;+17008;-00652;+02994;-00145;-00016;+00006;
+00444;+16888;-00552;+02992;-00117;-00009;-00037;
+00372;+16904;-00616;+02991;-00105;-00019;-00082;
+00316;+16684;-00384;+02990;-00114;-00037;-00120;
+00128;+16572;-00112;+02990;-00133;-00040;-00149;
+00152;+16420;-00448;+02990;-00146;-00009;-00165;
+00256;+16404;-00412;+02991;-00149;+00025;-00167;
+00200;+16584;-00388;+02991;-00144;+00040;-00172;
+00196;+16848;-00568;+02991;-00143;+00037;-00173;
+00200;+17024;-00604;+02991;-00149;+00034;-00169;
+00280;+16940;-00620;+02991;-00165;+00027;-00164;
+00408;+16796;-00340;+02990;-00186;+00018;-00159;
+00228;+16684;-00196;+02992;-00211;+00010;-00160;
+00160;+16496;-00308;+02992;-00227;+00006;-00169;
+00400;+16656;-00548;+02992;-00226;+00011;-00178;
+00084;+16652;-00264;+02994;-00213;+00034;-00178;
-00012;+16860;-00216;+02992;-00186;+00072;-00171;
+00060;+16788;-00420;+02992;-00159;+00142;-00149;
+00416;+16692;-00892;+02993;-00147;+00225;-00120;
+00364;+16676;-00600;+02995;-00151;+00240;-00095;
+00424;+16700;-00668;+02995;-00178;+00191;-00068;
+00280;+16568;-00412;+02994;-00223;+00101;-00042;
+00300;+16568;-00640;+02992;-00264;-00003;-00027;
+00140;+16616;-00868;+02992;-00305;-00127;-00018;
+00092;+16788;-00432;+02992;-00345;-00253;-00015;
+00040;+16868;-00572;+02992;-00389;-00351;-00009;
+00144;+16848;-00328;+02993;-00426;-00408;-00007;
+00212;+16752;-00116;+02993;-00444;-00421;-00003;
+00316;+16768;-00056;+02992;-00442;-00395;-00003;
+00268;+16808;-00204;+02992;-00429;-00342;-00011;
+00244;+16596;-00276;+02991;-00411;-00284;-00020;
+00412;+16512;-00420;+02992;-00391;-00224;-00027;
+00348;+16528;-00380;+02992;-00373;-00172;-00037;
+00336;+16716;-00348;+02991;-00357;-00139;-00049;
+00264;+16660;-00224;+02991;-00346;-00128;-00066;
+00308;+16676;-00312;+02992;-00342;-00128;-00083;
+00224;+16576;-00340;+02993;-00348;-00142;-00104;
+00140;+16536;-00320;+02992;-00363;-00166;-00130;
+00112;+16720;-00444;+02991;-00386;-00182;-00153;
+00132;+16824;-00656;+02992;-00412;-00183;-00169;
+00160;+16952;-00288;+02992;-00438;-00183;-00180;
+00416;+16832;-00368;+02992;-00458;-00183;-00189;
+00196;+16856;-00164;+02991;-00470;-00194;-00200;
+00108;+16688;+00024;+02992;-00489;-00206;-00200;
+00100;+16528;+00092;+02992;-00513;-00189;-00196;
+00096;+16424;-00052;+02992;-00519;-00157;-00192;
-00164;+16464;+00100;+02992;-00501;-00111;-00181;
+00028;+16540;-00292;+02992;-00469;-00039;-00158;
+00212;+16552;-00524;+02993;-00425;+00023;-00139;
+00252;+16752;-00432;+02992;-00379;+00024;-00126;
+00092;+16900;-00452;+02992;-00356;-00029;-00117;
+00148;+16996;-00520;+02992;-00364;-00112;-00117;
+00044;+16944;-00120;+02994;-00397;-00197;-00122;
+00012;+16816;-00176;+02995;-00436;-00257;-00128;
-00088;+16748;-00104;+02995;-00467;-00271;-00117;
-00024;+16644;-00180;+02995;-00492;-00243;-00093;
+00040;+16704;-00184;+02994;-00509;-00192;-00054;
+00100;+16692;-00176;+02994;-00511;-00128;-00014;
+00220;+15956;-01956;+02996;-00535;-00096;+00031;
-00064;+16340;-01116;+02997;-00643;-00212;+00106;
-00136;+16660;+00360;+02996;-00796;-00465;+00171;
+00280;+16864;+00764;+02996;-00943;-00646;+00211;
+00512;+16852;+00928;+02994;-01018;-00662;+00230;
+00528;+16744;+00388;+02992;-00997;-00537;+00225;
+00552;+16740;-00268;+02992;-00920;-00345;+00213;
+00484;+16704;-00544;+02992;-00849;-00181;+00197;
+00508;+16704;-00496;+02991;-00818;-00092;+00179;
+00740;+16676;-00576;+02992;-00827;-00075;+00142;
+00680;+16796;-00020;+02993;-00862;-00129;+00089;
+00508;+16668;+00044;+02994;-00909;-00214;+00029;
+00316;+16528;+00280;+02996;-00953;-00286;-00034;
+00184;+16412;+00440;+02995;-00987;-00304;-00096;
+00152;+16608;+00144;+02994;-00997;-00246;-00153;
+00056;+16584;-00004;+02993;-00985;-00131;-00196;
-00040;+16552;-00240;+02993;-00976;-00009;-00213;
+00292;+16476;-00148;+02991;-00992;+00102;-00210;
+00628;+16584;-00128;+02992;-01025;+00176;-00200;
+00532;+16524;+00148;+02992;-01061;+00167;-00209;
+00080;+16604;+00672;+02992;-01111;+00108;-00238;
+00200;+16796;-00216;+02993;-01175;+00037;-00266;
+00156;+16996;-00176;+02993;-01241;-00049;-00287;
+00000;+16824;+00016;+02992;-01309;-00162;-00312;
+00360;+16784;-00032;+02991;-01382;-00262;-00335;
-00072;+16708;+00380;+02992;-01450;-00340;-00354;
-00192;+16620;+00328;+02992;-01511;-00377;-00357;
-00324;+16808;-00192;+02992;-01584;-00336;-00318;
-00252;+16944;-00152;+02993;-01666;-00260;-00247;
+00108;+17040;+00748;+02995;-01753;-00179;-00159;
+00236;+16816;+01128;+02994;-01816;-00078;-00085;
+00420;+16804;+00776;+02995;-01845;+00048;-00038;
+00344;+16936;+00784;+02996;-01851;+00182;-00020;
+00488;+17088;+00700;+02996;-01840;+00279;-00036;
+00724;+16924;+00840;+02996;-01830;+00325;-00076;
+00344;+16344;+00624;+02998;-01833;+00338;-00127;
+00092;+15960;+01400;+02997;-01841;+00307;-00168;
+00424;+15724;+02104;+02995;-01814;+00321;-00193;
+00488;+15964;+00640;+02995;-01720;+00399;-00210;
-00060;+16320;+00916;+02994;-01611;+00438;-00246;
+00264;+16904;+01752;+02995;-01545;+00447;-00280;
+00148;+17176;+01796;+02995;-01491;+00483;-00323;
-00080;+17280;+01104;+02994;-01403;+00569;-00380;
+00036;+17020;+00572;+02994;-01339;+00653;-00426;
+00164;+16100;+00820;+02994;-01304;+00668;-00448;
+00484;+16052;+00032;+02994;-01307;+00598;-00438;
+00992;+16896;-00340;+02994;-01387;+00409;-00428;
+00516;+17000;+01744;+02995;-01481;+00059;-00485;
+00016;+17444;+01632;+02994;-01584;-00284;-00549;
-00364;+17076;+00848;+02995;-01650;-00545;-00584;
-00536;+16380;+01672;+02995;-01684;-00743;-00588;
-00448;+16080;+01484;+02995;-01689;-00874;-00542;
-00308;+16116;+00904;+02996;-01651;-00957;-00472;
-00420;+16472;+00868;+02996;-01606;-01052;-00394;
+00408;+17372;+01148;+02995;-01605;-01142;-00313;
+00116;+17260;+01636;+02995;-01622;-01240;-00283;
-00148;+17128;+01432;+02996;-01673;-01315;-00267;
-00348;+16912;+02012;+02996;-01731;-01362;-00231;
-00652;+16376;+02216;+02996;-01782;-01328;-00170;
-00400;+16164;+01820;+02996;-01772;-01243;-00073;
+00116;+16652;+01744;+02997;-01712;-01153;+00040;
+00564;+16976;+01292;+02995;-01642;-01091;+00131;
+00648;+16908;+01496;+02995;-01607;-01051;+00185;
+00564;+16408;+01532;+02995;-01599;-01047;+00208;
+00308;+16308;+01452;+02995;-01602;-01084;+00215;
+00580;+16476;+02072;+02995;-01639;-01105;+00226;
-00344;+16248;+02084;+02995;-01661;-01128;+00219;
-00348;+16552;+02180;+02996;-01679;-01081;+00210;
-00480;+16884;+02688;+02996;-01662;-00984;+00206;
-00624;+16912;+02656;+02995;-01587;-00907;+00209;
-00340;+16984;+02772;+02995;-01493;-00829;+00249;
-00232;+16708;+02492;+02995;-01376;-00795;+00327;
+00192;+16728;+02108;+02996;-01262;-00815;+00435;
+00768;+16844;+01672;+02995;-01168;-00906;+00516;
+00452;+16580;+02144;+02996;-01127;-01062;+00533;
+00312;+16436;+02468;+02996;-01135;-01196;+00503;
+00192;+16412;+02672;+02995;-01143;-01283;+00455;
-00076;+16264;+02856;+02995;-01127;-01310;+00395;
-00100;+16088;+02692;+02995;-01052;-01276;+00353;
-00260;+16020;+02704;+02995;-00910;-01189;+00346;
+00164;+16460;+02272;+02997;-00731;-01067;+00372;
+00572;+16796;+01912;+02998;-00543;-00951;+00405;
+00916;+17092;+01476;+02998;-00404;-00862;+00414;
+01284;+17248;+01096;+02999;-00334;-00817;+00385;
+01136;+17128;+01400;+02998;-00346;-00818;+00301;
+01048;+16804;+01620;+02998;-00427;-00812;+00178;
+00944;+16428;+01480;+02996;-00534;-00797;+00042;
+00948;+16140;+01880;+02997;-00650;-00758;-00095;
+00828;+16116;+01936;+02997;-00763;-00686;-00233;
+01056;+16020;+01452;+02996;-00839;-00597;-00369;
+00916;+16280;+01944;+02994;-00899;-00468;-00503;
+00996;+16272;+01620;+02994;-00969;-00279;-00635;
+01104;+16320;+01480;+02995;-01050;-00055;-00770;
+00692;+16460;+01908;+02995;-01164;+00192;-00914;
+00144;+16256;+02196;+02994;-01277;+00461;-01052;
+00228;+16476;+02080;+02993;-01350;+00723;-01146;
+00480;+16980;+01840;+02993;-01402;+00949;-01201;
+00392;+17320;+02032;+02993;-01457;+01106;-01254;
+00140;+17016;+02404;+02995;-01525;+01191;-01322;
-00068;+16740;+02624;+02995;-01603;+01241;-01368;
-00180;+16460;+02584;+02995;-01655;+01257;-01379;
-00300;+15804;+02300;+02994;-01699;+01234;-01363;
-00116;+16124;+02540;+02994;-01739;+01159;-01327;
-00512;+16368;+02780;+02995;-01772;+01034;-01293;
-01268;+16540;+03412;+02995;-01781;+00917;-01262;
-01300;+16792;+03156;+02995;-01758;+00870;-01192;
-00996;+17212;+02696;+02996;-01688;+00841;-01067;
-00576;+17208;+02520;+02994;-01632;+00777;-00920;
-00392;+16800;+02484;+02994;-01633;+00657;-00772;
-00400;+16380;+02456;+02995;-01671;+00469;-00635;
-00204;+16332;+02368;+02997;-01735;+00231;-00522;
-00292;+16244;+02344;+02997;-01823;-00029;-00461;
-00452;+16028;+02492;+02998;-01939;-00260;-00445;
-00492;+15824;+02560;+02998;-02057;-00423;-00443;
-00744;+15884;+02680;+02998;-02148;-00506;-00435;
-00600;+16176;+02564;+02997;-02215;-00512;-00413;
-00440;+16424;+02388;+02997;-02270;-00456;-00391;
-00448;+16664;+02420;+02998;-02346;-00361;-00378;
-00152;+16752;+02168;+02997;-02458;-00255;-00359;
+00096;+16820;+02464;+02995;-02609;-00174;-00345;
-00364;+16544;+03448;+02995;-02776;-00099;-00354;
-00428;+16188;+03648;+02995;-02920;+00009;-00357;
-00352;+16092;+03736;+02995;-02993;+00135;-00344;
+00156;+16252;+03288;+02996;-03017;+00238;-00327;
+00064;+16052;+03296;+02995;-03027;+00263;-00334;
-00280;+15868;+03404;+02995;-03072;+00238;-00354;
-00156;+16104;+03448;+02995;-03131;+00176;-00363;
-00176;+16360;+03808;+02997;-03194;+00095;-00380;
-00564;+16520;+04164;+02997;-03266;+00046;-00404;
-00240;+16564;+03860;+02996;-03324;+00053;-00417;
+00012;+16568;+04004;+02997;-03347;+00072;-00419;
+00016;+16496;+04116;+02995;-03351;+00091;-00425;
-00028;+16288;+04088;+02994;-03336;+00104;-00433;
-00528;+15828;+04204;+02995;-03329;+00130;-00446;
-00500;+16164;+04224;+02995;-03332;+00192;-00438;
-00220;+16284;+03940;+02996;-03345;+00260;-00410;
-00148;+16168;+04000;+02996;-03378;+00320;-00387;
-00132;+16068;+04108;+02997;-03447;+00339;-00360;
-00368;+15704;+04536;+02998;-03541;+00338;-00338;
-00808;+15872;+04260;+02998;-03644;+00355;-00305;
-00644;+15928;+04580;+02998;-03736;+00436;-00255;
-00728;+15792;+05064;+02997;-03798;+00544;-00199;
-00728;+15584;+04740;+02996;-03824;+00646;-00150;
-00320;+15768;+05084;+02998;-03860;+00710;-00116;
-00216;+16176;+05164;+02996;-03912;+00677;-00119;
-00412;+16640;+05052;+02996;-03995;+00501;-00130;
-01388;+16388;+06256;+02996;-04129;+00235;-00115;
-00948;+16016;+06320;+02998;-04241;-00028;-00017;
-00496;+15516;+05284;+02997;-04266;-00264;+00128;
-00148;+15292;+04812;+02997;-04250;-00414;+00242;
+00132;+15392;+04732;+02996;-04240;-00444;+00300;
-00444;+15380;+05204;+02996;-04230;-00372;+00294;
-01028;+15556;+05432;+02995;-04228;-00166;+00267;
-00376;+15752;+05444;+02996;-04222;+00091;+00257;
-00632;+15448;+05660;+02996;-04233;+00308;+00250;
-00532;+15340;+05896;+02996;-04270;+00463;+00241;
-00340;+15404;+06044;+02996;-04341;+00558;+00252;
-00404;+15780;+06336;+02995;-04432;+00590;+00267;
-00192;+15664;+06644;+02995;-04525;+00553;+00287;
-00812;+15328;+06780;+02993;-04589;+00442;+00316;
-00004;+15248;+05800;+02993;-04635;+00340;+00363;
+00004;+15412;+05880;+02995;-04677;+00232;+00403;
-00560;+15272;+05992;+02996;-04751;+00178;+00399;
-00432;+15148;+06524;+02996;-04818;+00206;+00394;
-00332;+15200;+06852;+02996;-04870;+00262;+00399;
-00252;+14884;+06864;+02996;-04925;+00287;+00415;
-00292;+14584;+07372;+02996;-04995;+00252;+00441;
-00092;+14572;+06952;+02996;-05070;+00168;+00467;
-00092;+14772;+06588;+02996;-05155;+00073;+00479;
+00496;+15144;+06800;+02995;-05277;+00027;+00465;
+00496;+15220;+07332;+02997;-05392;-00047;+00409;
-00020;+15192;+07516;+02997;-05497;-00190;+00318;
-00356;+14748;+07952;+02997;-05603;-00334;+00237;
-00404;+14196;+08620;+02998;-05683;-00438;+00189;
-00160;+14320;+08416;+02996;-05725;-00495;+00180;
-00492;+14112;+08400;+02996;-05721;-00529;+00197;
+00168;+14560;+07908;+02995;-05697;-00544;+00247;
+00656;+14900;+07984;+02996;-05691;-00578;+00286;
+00608;+14760;+08444;+02996;-05726;-00683;+00271;
+00068;+14324;+08560;+02993;-05783;-00859;+00206;
-00232;+14232;+08976;+02993;-05848;-01027;+00140;
-00144;+14208;+09060;+02994;-05882;-01122;+00106;
-00324;+13856;+08764;+02996;-05886;-01125;+00085;
-00236;+13592;+09000;+02997;-05895;-01028;+00073;
+00336;+13996;+09284;+02998;-05895;-00875;+00077;
+00160;+13892;+09744;+02996;-05860;-00758;+00065;
+00040;+13576;+10156;+02996;-05800;-00748;+00056;
+00100;+13576;+09928;+02995;-05718;-00890;+00077;
+00452;+13668;+09108;+02996;-05658;-01135;+00101;
+00568;+13772;+09080;+02998;-05657;-01376;+00084;
+00788;+14036;+09332;+02996;-05720;-01559;+00007;
-00156;+13912;+10088;+02996;-05798;-01706;-00086;
-00596;+13148;+10808;+02997;-05837;-01816;-00127;
-00120;+13132;+10836;+02997;-05831;-01844;-00091;
-00384;+13036;+10720;+02998;-05791;-01770;-00034;
-00324;+13620;+10784;+02999;-05722;-01595;+00039;
-00516;+13592;+11004;+02999;-05604;-01352;+00130;
-00028;+13248;+10804;+02998;-05453;-01056;+00242;
-00044;+12844;+10504;+02997;-05297;-00715;+00372;
+00256;+12656;+10812;+02997;-05144;-00359;+00496;
+00416;+12760;+10696;+02996;-04995;-00059;+00597;
+00724;+13208;+11032;+02996;-04900;+00153;+00653;
+00296;+12984;+11180;+02998;-04860;+00269;+00651;
-00704;+11968;+11528;+02999;-04834;+00360;+00616;
-00544;+11400;+11600;+02999;-04779;+00564;+00626;
+00656;+12292;+10732;+02998;-04659;+00905;+00712;
+01528;+13280;+10644;+02997;-04515;+01302;+00793;
+00672;+12900;+11320;+02997;-04390;+01618;+00779;
+00216;+12268;+12156;+02998;-04314;+01818;+00696;
+00556;+12396;+12084;+02998;-04246;+01925;+00616;
+00676;+12200;+11056;+02999;-04154;+01946;+00501;
+01016;+11772;+11572;+03000;-04092;+01948;+00350;
+01112;+11996;+11472;+02999;-04047;+01881;+00213;
+00988;+12132;+11240;+02999;-04014;+01690;+00082;
+00152;+11968;+11788;+02998;-04017;+01417;-00059;
+00608;+12276;+11572;+02998;-04063;+01082;-00175;
+00344;+12288;+11908;+02998;-04132;+00684;-00290;
+00500;+12440;+11744;+02998;-04221;+00320;-00416;
+00828;+12512;+12132;+02998;-04307;+00026;-00543;
+00716;+12100;+12208;+02997;-04366;-00208;-00728;
+00612;+11836;+12056;+02997;-04418;-00391;-00909;
+00680;+11428;+11728;+02997;-04472;-00552;-01092;
+00344;+10928;+11976;+02997;-04520;-00764;-01239;
-00152;+10416;+12216;+02996;-04562;-01026;-01349;
+00016;+10928;+12612;+02997;-04614;-01320;-01413;
-00028;+11372;+12632;+02999;-04646;-01621;-01464;
-00216;+11292;+12520;+02998;-04644;-01874;-01492;
-00812;+10912;+12536;+02998;-04607;-02008;-01439;
-00136;+11012;+12620;+02998;-04582;-02010;-01309;
+00156;+11320;+12720;+02999;-04584;-01957;-01144;
+00748;+11560;+13296;+02998;-04615;-01874;-01020;
+00676;+12132;+13268;+02998;-04612;-01736;-00962;
-00244;+11756;+13640;+02997;-04531;-01556;-00953;
-00128;+11088;+13384;+02997;-04365;-01349;-00942;
-00448;+10308;+13028;+02999;-04163;-01192;-00893;
-00520;+09864;+13048;+02999;-04008;-01065;-00807;
+00060;+10024;+13168;+02997;-03936;-00924;-00679;
-00200;+10468;+12876;+02998;-03891;-00812;-00538;
-00052;+10368;+12440;+02998;-03863;-00727;-00422;
+00000;+10424;+13116;+02998;-03867;-00640;-00314;
+00136;+10460;+13352;+02997;-03875;-00549;-00222;
+00008;+10204;+13860;+02997;-03854;-00429;-00153;
+00032;+09940;+13124;+02998;-03822;-00294;-00090;
+00484;+09972;+13336;+02998;-03807;-00185;-00022;
+00632;+10028;+14012;+02998;-03823;-00103;+00027;
+00156;+09948;+14044;+02998;-03824;-00060;+00049;
+00236;+10008;+14340;+02997;-03793;-00017;+00072;
-00004;+10536;+14496;+02995;-03735;+00051;+00101;
-00008;+10244;+14112;+02995;-03647;+00161;+00124;
-00080;+09848;+14160;+02995;-03546;+00318;+00153;
-00156;+09660;+14448;+02995;-03424;+00507;+00194;
-00240;+09616;+14600;+02997;-03256;+00695;+00248;
-00208;+09752;+14680;+02997;-03047;+00855;+00324;
+00096;+09736;+14248;+02996;-02830;+01016;+00405;
+00300;+09732;+13972;+02996;-02640;+01165;+00467;
+00380;+09604;+13852;+02995;-02508;+01343;+00481;
+00140;+09356;+14028;+02996;-02435;+01550;+00447;
+00400;+09140;+14192;+02997;-02391;+01746;+00418;
+00288;+09168;+14316;+02999;-02383;+01949;+00407;
-00012;+09348;+14600;+02997;-02380;+02170;+00399;
-00092;+09320;+14264;+02996;-02363;+02401;+00396;
-00036;+09568;+14264;+02996;-02337;+02590;+00377;
+00132;+09988;+13928;+02996;-02296;+02680;+00321;
-00012;+09732;+13852;+02996;-02259;+02721;+00199;
-00204;+09220;+13864;+02997;-02214;+02752;+00056;
-00360;+08704;+14036;+02996;-02144;+02714;-00074;
-00480;+08304;+13916;+02996;-02042;+02538;-00086;
-00208;+08424;+13816;+02996;-01987;+02242;-00015;
-00084;+08876;+13420;+02996;-02031;+01858;+00054;
-00240;+09016;+13620;+02998;-02184;+01484;+00102;
+00516;+09172;+13928;+02998;-02357;+01212;+00136;
-00196;+09284;+13304;+02997;-02482;+00968;+00094;
-00136;+09328;+13908;+02998;-02593;+00779;+00001;
-00728;+09156;+14712;+02998;-02699;+00706;-00110;
-01076;+08868;+14904;+02999;-02764;+00743;-00195;
-00612;+08552;+14600;+02999;-02771;+00823;-00229;
-00608;+08360;+14920;+02998;-02754;+00895;-00239;
-00552;+08124;+14548;+02998;-02725;+00928;-00243;
-00288;+08176;+14340;+02998;-02663;+00875;-00233;
-00252;+08564;+14560;+02998;-02611;+00751;-00210;
-00004;+08968;+14532;+02997;-02610;+00591;-00197;
+00124;+08980;+14484;+02997;-02685;+00455;-00218;
-00184;+08548;+14804;+02997;-02823;+00361;-00271;
+00120;+08408;+14380;+02995;-02951;+00227;-00347;
+00000;+08140;+14488;+02995;-03101;+00047;-00474;
-01304;+07588;+15504;+02996;-03293;-00161;-00650;
-01164;+07812;+15932;+02998;-03387;-00392;-00777;
-01036;+08008;+14288;+02999;-03332;-00578;-00813;
-01008;+07912;+14360;+02998;-03200;-00662;-00728;
-00308;+07672;+15020;+02998;-03073;-00621;-00580;
-00272;+07960;+14876;+02999;-03005;-00524;-00450;
-00036;+08844;+14692;+02998;-03020;-00494;-00386;
+00060;+08640;+14296;+02999;-03152;-00453;-00462;
+00200;+07872;+13784;+02999;-03395;-00355;-00618;
-01004;+06760;+15300;+02999;-03689;-00253;-00808;
-01364;+05920;+15352;+02998;-03917;-00245;-00937;
-01748;+05704;+15152;+02998;-04028;-00274;-00944;
-00708;+06052;+14528;+02997;-03972;-00341;-00785;
-00468;+07136;+13552;+02995;-03867;-00403;-00527;
-00692;+07200;+13640;+02995;-03851;-00398;-00302;
-00652;+06996;+14272;+02994;-04053;-00267;-00144;
-00024;+07280;+15372;+02994;-04373;-00100;-00061;
-00484;+06988;+16056;+02995;-04699;+00115;-00037;
-00652;+06732;+15984;+02994;-04934;+00357;-00058;
-01092;+06160;+15968;+02995;-05006;+00544;-00105;
-00448;+06084;+15820;+02997;-04957;+00657;-00094;
-00628;+05384;+15696;+02996;-04818;+00666;-00020;
-00152;+06180;+15692;+02997;-04649;+00579;+00104;
-00336;+07072;+16712;+02997;-04477;+00416;+00245;
+00036;+08312;+17880;+02996;-04286;+00285;+00346;
-00588;+07144;+18000;+02997;-04022;+00271;+00322;
-00672;+06352;+16400;+02999;-03718;+00435;+00244;
-00072;+06256;+16412;+02999;-03469;+00747;+00217;
-00356;+05876;+16336;+02998;-03274;+01032;+00192;
-00864;+04992;+15816;+02998;-03135;+01194;+00143;
+00092;+05808;+14996;+02999;-03042;+01196;+00103;
-00580;+05252;+15456;+02998;-03067;+01125;+00095;
-00224;+05772;+15320;+02996;-03166;+01011;+00103;
-00592;+05420;+15924;+02996;-03310;+00902;+00128;
-00416;+05952;+16288;+02996;-03434;+00776;+00157;
-00572;+05788;+15528;+02994;-03501;+00605;+00153;
-01104;+05100;+15616;+02994;-03544;+00445;+00111;
-01172;+04960;+15356;+02996;-03612;+00297;+00095;
-01220;+04900;+15664;+02996;-03744;+00146;+00145;
-00964;+05264;+15836;+02994;-03919;-00037;+00221;
-00788;+05568;+16232;+02993;-04148;-00121;+00289;
-00932;+05336;+16776;+02992;-04393;-00038;+00347;
-01148;+05176;+16556;+02992;-04569;+00122;+00402;
-01036;+04896;+16392;+02993;-04633;+00215;+00454;
-00908;+04732;+16636;+02995;-04591;+00207;+00515;
-00840;+04748;+16728;+02996;-04467;+00123;+00583;
-00884;+04912;+17004;+02996;-04268;-00015;+00643;
-00452;+05140;+17420;+02995;-04018;-00146;+00678;
-00428;+04996;+17056;+02995;-03740;-00186;+00658;
-00280;+05040;+16304;+02994;-03469;-00131;+00560;
-00560;+04528;+16208;+02997;-03272;-00005;+00407;
-01024;+03924;+16032;+02997;-03169;+00147;+00246;
-00948;+03836;+16344;+02997;-03144;+00256;+00154;
-00676;+03952;+16200;+02996;-03162;+00293;+00153;
-00564;+04116;+16380;+02996;-03220;+00332;+00209;
-00676;+03940;+16824;+02997;-03311;+00408;+00267;
-00784;+03388;+16776;+02998;-03401;+00525;+00314;
-00908;+03344;+16640;+02997;-03485;+00675;+00365;
-00668;+03724;+16492;+02998;-03551;+00821;+00448;
-00928;+03568;+16240;+02998;-03593;+00911;+00526;
-00884;+03860;+16276;+02998;-03597;+00883;+00576;
-00816;+04104;+16624;+02999;-03556;+00757;+00614;
-00732;+03764;+16220;+02998;-03483;+00565;+00626;
-00712;+03624;+15904;+02997;-03425;+00348;+00618;
-00456;+03440;+16488;+02997;-03451;+00218;+00622;
-00212;+03516;+16900;+02997;-03546;+00220;+00634;
-00100;+03700;+16816;+02994;-03649;+00292;+00591;
-00288;+03584;+16440;+02993;-03743;+00375;+00461;
-00320;+03596;+16296;+02993;-03846;+00445;+00280;
-00540;+03608;+16308;+02993;-03957;+00468;+00084;
-00844;+03468;+16636;+02992;-04079;+00416;-00126;
-01224;+03080;+17216;+02992;-04188;+00325;-00328;
-01420;+02532;+17104;+02992;-04270;+00269;-00490;
-01164;+02612;+17132;+02992;-04332;+00320;-00575;
-01032;+02832;+17292;+02994;-04368;+00485;-00591;
-01336;+02336;+16960;+02995;-04337;+00663;-00574;
-01392;+02132;+16740;+02995;-04218;+00741;-00540;
-01256;+02192;+16860;+02995;-04010;+00694;-00471;
-00988;+01928;+17032;+02995;-03729;+00576;-00364;
-01072;+01888;+16764;+02995;-03382;+00424;-00230;
-01092;+01812;+16228;+02997;-03008;+00254;-00089;
-01132;+01876;+16048;+02997;-02670;+00090;+00068;
-00652;+02392;+16288;+02995;-02410;-00036;+00240;
-00636;+02216;+16180;+02996;-02222;-00117;+00385;
-00648;+02212;+16632;+02997;-02087;-00177;+00472;
-00576;+02224;+16724;+02997;-01979;-00233;+00507;
-00564;+02184;+16472;+02997;-01880;-00289;+00493;
-00424;+02264;+16488;+02996;-01826;-00304;+00459;
-00360;+02132;+16436;+02995;-01798;-00316;+00410;
-00700;+01868;+16292;+02996;-01790;-00344;+00331;
-01016;+01684;+16144;+02996;-01810;-00375;+00256;
-01088;+01724;+16372;+02996;-01866;-00400;+00228;
-00780;+02064;+17136;+02996;-01938;-00412;+00256;
-00380;+02292;+17804;+02996;-01978;-00408;+00278;
-00388;+02072;+18184;+02994;-01936;-00371;+00234;
-00504;+01844;+17840;+02994;-01822;-00262;+00141;
-00216;+01952;+17176;+02994;-01691;-00043;+00045;
-00564;+01876;+16348;+02994;-01641;+00304;-00041;
-01332;+01188;+15616;+02995;-01733;+00665;-00103;
-01332;+01504;+15980;+02996;-01976;+00955;-00111;
-01508;+01272;+15100;+02996;-02333;+01127;-00062;
-01320;+01520;+15300;+02994;-02755;+01171;+00036;
-01084;+01908;+16044;+02994;-03201;+01107;+00156;
-00624;+01932;+16548;+02993;-03601;+01007;+00243;
-00364;+01856;+17068;+02994;-03897;+00890;+00250;
+00492;+02036;+17352;+02995;-04068;+00753;+00137;
+01572;+02756;+16504;+02994;-04130;+00639;-00112;
+00212;+01832;+16308;+02994;-04165;+00584;-00513;
-01284;-00124;+16388;+02995;-04247;+00521;-01005;
-01084;-00340;+16784;+02995;-04341;+00355;-01478;
-00944;-00284;+17364;+02994;-04428;+00108;-01889;
-01160;+00108;+17412;+02995;-04446;-00145;-02176;
-01252;+00204;+17608;+02996;-04419;-00214;-02352;
-01280;-00288;+17600;+02996;-04355;-00096;-02436;
-01600;-00404;+17120;+02994;-04263;+00145;-02416;
-01816;-00400;+16656;+02995;-04155;+00403;-02308;
-01880;-00372;+16644;+02995;-04047;+00557;-02132;
-02128;-00592;+16520;+02996;-03932;+00544;-01938;
-03060;-01204;+16440;+02997;-03822;+00387;-01734;
-03584;-01960;+15920;+02996;-03686;+00096;-01424;
-02588;-01784;+16408;+02996;-03524;-00270;-00910;
-00536;-00100;+18284;+02997;-03271;-00656;-00216;
+00036;+00452;+19080;+02996;-02827;-00951;+00407;
-00444;-00144;+19248;+02996;-02145;-01146;+00756;
-00448;-00524;+18928;+02997;-01263;-01210;+00881;
-00900;-00972;+17768;+02997;-00235;-01230;+00929;
-00752;-00768;+16704;+02996;+00803;-01255;+01002;
-00860;-00204;+15908;+02995;+01725;-01282;+01129;
-01032;-00076;+15156;+02995;+02440;-01347;+01288;
-01068;+00112;+14992;+02995;+02908;-01495;+01446;
-00820;+00452;+14640;+02995;+03089;-01671;+01591;
-00452;+00784;+15484;+02995;+02987;-01794;+01710;
-00020;+01368;+16616;+02995;+02679;-01828;+01779;
+00128;+01456;+17444;+02996;+02273;-01782;+01742;
+00152;+01424;+17356;+02996;+01844;-01659;+01556;
-00328;+00600;+16788;+02996;+01387;-01432;+01283;
-00608;+00304;+16568;+02996;+00879;-01141;+01053;
-00412;+00416;+16676;+02995;+00327;-00833;+00930;
-00192;+00504;+16916;+02997;-00212;-00581;+00879;
-00424;+00384;+16280;+02998;-00674;-00442;+00809;
-00888;+00104;+16524;+02997;-01013;-00473;+00700;
-01020;+00084;+16080;+02997;-01193;-00672;+00606;
-00544;+00240;+16240;+02997;-01195;-01043;+00553;
+00012;+00864;+17484;+02996;-01038;-01510;+00508;
+00180;+00704;+17620;+02998;-00721;-01940;+00397;
-00204;+00360;+17008;+02999;-00291;-02236;+00201;
-00208;-00076;+16556;+03000;+00125;-02373;+00004;
-00068;-00144;+16652;+02999;+00429;-02354;-00114;
-00064;-00072;+16440;+02998;+00592;-02176;-00141;
-00312;-00004;+16600;+02996;+00641;-01893;-00092;
-00240;+00240;+16536;+02996;+00618;-01596;+00003;
-00036;+00336;+16376;+02996;+00577;-01358;+00092;
+00268;+00380;+16824;+02995;+00545;-01197;+00134;
+00288;+00628;+17716;+02996;+00550;-01132;+00127;
+00672;+00676;+17700;+02994;+00555;-01089;+00067;
+00336;+00348;+17500;+02994;+00473;-00896;-00029;
+00296;+00188;+17748;+02994;+00251;-00561;-00123;
+00164;+00160;+17484;+02993;-00082;-00151;-00175;
+00060;+00032;+17080;+02992;-00485;+00256;-00187;
+00028;-00064;+17356;+02991;-00890;+00603;-00203;
-00156;-00120;+17296;+02991;-01197;+00848;-00223;
-00300;+00044;+16988;+02992;-01357;+00979;-00227;
-00428;+00192;+16396;+02993;-01409;+00990;-00212;
-00248;+00404;+16628;+02996;-01451;+00866;-00195;
-00188;+00280;+16560;+02995;-01552;+00679;-00203;
+00120;+00140;+17376;+02994;-01682;+00497;-00239;
-00048;-00404;+17200;+02994;-01760;+00398;-00286;
+00084;-00388;+17276;+02994;-01722;+00388;-00313;
-00012;-00304;+17028;+02994;-01575;+00452;-00312;
+00012;-00104;+16700;+02994;-01364;+00543;-00307;
-00036;+00024;+16460;+02996;-01161;+00641;-00297;
-00184;+00040;+16640;+02996;-01007;+00741;-00285;
-00276;+00036;+16512;+02995;-00903;+00811;-00274;
-00292;-00160;+16740;+02996;-00844;+00836;-00269;
-00384;-00128;+16692;+02997;-00823;+00803;-00273;
-00308;-00220;+17184;+02997;-00838;+00735;-00279;
-00412;-00436;+17140;+02996;-00851;+00649;-00275;
-00228;-00300;+17256;+02997;-00843;+00558;-00252;
-00192;-00308;+17408;+02996;-00807;+00482;-00215;
-00196;-00096;+17060;+02996;-00748;+00421;-00175;
-00156;+00016;+17028;+02998;-00682;+00373;-00146;
-00192;-00176;+16868;+02998;-00629;+00336;-00140;
-00316;-00384;+17216;+02997;-00583;+00330;-00142;
-00164;-00244;+16852;+02998;-00527;+00357;-00139;
-00112;-00292;+16580;+02997;-00467;+00401;-00142;
-00160;-00116;+16760;+02999;-00415;+00449;-00161;
-00312;-00128;+16408;+02999;-00388;+00488;-00191;
-00348;-00256;+16900;+02999;-00407;+00511;-00225;
-00404;-00340;+17084;+02998;-00464;+00518;-00244;
-00428;-00324;+17048;+02998;-00525;+00515;-00255;
-00728;-00440;+16368;+02998;-00569;+00488;-00255;
-00420;-00228;+16748;+02998;-00605;+00446;-00248;
-00544;-00324;+16440;+02999;-00651;+00392;-00229;
-00688;-00384;+16480;+02998;-00706;+00297;-00206;
-00528;-00432;+16376;+02998;-00777;+00166;-00182;
-00524;-00440;+16480;+02998;-00863;-00006;-00162;
-00264;-00372;+16504;+02997;-00948;-00187;-00149;
-00256;-00412;+16976;+02996;-01011;-00329;-00147;
-00448;-00616;+17068;+02996;-01021;-00452;-00152;
-00404;-00528;+17016;+02997;-00983;-00573;-00152;
-00368;-00544;+17132;+02996;-00934;-00670;-00142;
-00276;-00652;+17336;+02996;-00896;-00725;-00120;
-00272;-00644;+17232;+02996;-00858;-00730;-00093;
-00152;-00488;+17080;+02995;-00809;-00684;-00064;
-00316;-00476;+16872;+02996;-00751;-00599;-00035;
-00216;-00408;+16576;+02996;-00692;-00490;-00004;
-00340;-00388;+16832;+02996;-00649;-00375;+00013;
-00392;-00584;+16872;+02997;-00625;-00264;+00021;
-00296;-00552;+16952;+02998;-00625;-00176;+00021;
-00280;-00676;+16900;+02996;-00648;-00106;+00018;
-00272;-00656;+16856;+02996;-00677;-00058;+00010;
-00288;-00652;+16692;+02994;-00693;-00043;+00004;
-00268;-00488;+16760;+02994;-00697;-00061;-00006;
-00320;-00516;+16824;+02995;-00695;-00101;-00021;
-00336;-00632;+16720;+02996;-00691;-00142;-00038;
-00292;-00808;+16772;+02997;-00691;-00170;-00043;
-00160;-00856;+16648;+02997;-00687;-00180;-00040;
-00244;-00828;+16764;+02996;-00667;-00178;-00036;
-00076;-00768;+16828;+02997;-00633;-00175;-00036;
-00116;-00792;+16956;+02997;-00590;-00168;-00039;
-00156;-00808;+16900;+02997;-00535;-00168;-00046;
+00016;-00512;+16924;+02997;-00474;-00174;-00052;
-00148;-00624;+16896;+02998;-00417;-00171;-00071;
-00172;-00636;+16716;+02996;-00375;-00160;-00095;
-00400;-00756;+16716;+02996;-00341;-00161;-00115;
-00380;-00728;+16748;+02996;-00325;-00170;-00118;
-00204;-00712;+16852;+02997;-00320;-00190;-00109;
-00156;-00780;+16968;+02998;-00320;-00195;-00097;
-00108;-00804;+17148;+02998;-00317;-00174;-00090;
-00076;-00680;+17020;+02999;-00294;-00145;-00086;
+00004;-00648;+16996;+02999;-00262;-00101;-00097;
-00280;-00708;+16884;+02999;-00234;-00035;-00119;
-00272;-00780;+16968;+03000;-00201;+00036;-00132;
-00288;-00740;+16744;+02999;-00160;+00084;-00128;
-00248;-00784;+16752;+02998;-00118;+00109;-00111;
-00300;-00764;+16656;+02997;-00089;+00105;-00084;
-00332;-00840;+16756;+02996;-00082;+00084;-00054;
-00112;-00720;+16764;+02995;-00085;+00046;-00033;
-00004;-00648;+16892;+02997;-00095;+00002;-00015;
-00056;-00612;+16816;+02997;-00108;-00048;-00009;
-00016;-00772;+17048;+02995;-00121;-00085;-00016;
-00168;-00836;+17012;+02996;-00118;-00095;-00034;
-00160;-00772;+16964;+02995;-00096;-00079;-00050;
-00228;-00728;+16832;+02997;-00058;-00045;-00054;
-00288;-00708;+16676;+02997;-00013;-00005;-00049;
-00384;-00776;+16620;+02998;+00021;+00028;-00035;
-00272;-00784;+16612;+02998;+00037;+00030;-00012;
-00192;-00760;+16616;+02997;+00045;+00006;+00010;
-00152;-00772;+17048;+02996;+00051;-00023;+00021;
-00004;-00736;+17000;+02997;+00070;-00045;+00022;
-00032;-00668;+16804;+02996;+00105;-00035;+00009;
-00112;-00588;+16740;+02996;+00145;-00013;-00016;
-00360;-00588;+16696;+02995;+00167;+00008;-00048;
-00356;-00604;+16632;+02995;+00153;+00017;-00070;
-00368;-00672;+16724;+02994;+00105;-00006;-00071;
-00288;-00568;+16932;+02995;+00051;-00038;-00053;
-00212;-00648;+16844;+02997;+00015;-00086;-00027;
-00072;-00724;+16832;+02998;+00002;-00122;-00011;
-00024;-00716;+16948;+02997;+00007;-00117;-00009;
-00132;-00536;+16656;+02997;+00023;-00072;-00017;
-00140;-00616;+16656;+02996;+00031;-00018;-00026;
-00196;-00500;+16720;+02996;+00029;+00021;-00033;
-00280;-00580;+16772;+02996;+00031;+00027;-00041;
-00228;-00664;+16888;+02996;+00046;+00001;-00045;
-00220;-00680;+16812;+02997;+00073;-00028;-00044;
-00208;-00580;+16728;+02997;+00101;-00064;-00037;
-00088;-00616;+16752;+02998;+00120;-00092;-00035;
-00148;-00532;+16688;+02999;+00120;-00114;-00039;
-00108;-00520;+16668;+02999;+00115;-00129;-00045;
-00024;-00492;+16792;+03000;+00113;-00129;-00046;
-00172;-00564;+16920;+03000;+00139;-00135;-00053;
-00256;-00644;+16740;+02999;+00170;-00136;-00060;
-00232;-00596;+16772;+02998;+00197;-00151;-00068;
-00180;-00640;+16784;+02997;+00208;-00175;-00076;
-00136;-00780;+17108;+02997;+00210;-00202;-00078;
+00016;-00796;+17036;+02998;+00237;-00228;-00072;
+00000;-00652;+17212;+02998;+00286;-00237;-00058;
+00084;-00508;+17224;+02998;+00363;-00225;-00048;
+00112;-00460;+17036;+02999;+00438;-00166;-00056;
-00088;-00292;+16476;+02998;+00505;-00063;-00080;
-00176;-00300;+16788;+02998;+00562;+00049;-00103;
-00400;-00664;+17004;+02999;+00598;+00159;-00130;
-00708;-00356;+16280;+03000;+00623;+00234;-00142;
-00128;-01012;+16652;+03000;+00631;+00232;-00125;
-00280;-00588;+16460;+03000;+00581;+00210;-00093;
-00320;-00436;+16540;+02999;+00495;+00136;-00060;
-00100;-00308;+16732;+03000;+00398;+00015;-00026;
-02016;-00812;+20860;+03000;+00502;-00144;+00102;
+00300;-00304;+17340;+03000;+00549;-00274;+00221;
+00072;-00352;+17020;+02998;+00439;-00287;+00165;
-00072;-00228;+16864;+02997;+00373;-00243;+00114;
-00156;-00356;+16660;+02996;+00319;-00169;+00076;
-00264;-00264;+16468;+02997;+00260;-00115;+00054;
-00148;-00224;+16660;+02997;+00189;-00116;+00042;
+00020;-00328;+17324;+02998;+00110;-00121;+00029;
+00072;-00524;+17560;+02998;+00049;-00074;+00012;
fim