Rotaciona Roll +90, depois repete para os demais eixos, finalizando com todos em +90

start
+00432;+00640;+17640;+02444;+00094;+00072;+00057;
+00524;+00644;+17672;+02442;+00096;+00072;+00061;
+00580;+00708;+17736;+02442;+00096;+00073;+00066;
+00592;+00644;+17624;+02444;+00095;+00075;+00069;
+00624;+00680;+17612;+02444;+00096;+00075;+00069;
+00572;+00692;+17652;+02444;+00095;+00075;+00060;
+00592;+00608;+17572;+02444;+00094;+00072;+00052;
+00532;+00620;+17744;+02444;+00090;+00075;+00044;
+00380;+00612;+17704;+02442;+00089;+00078;+00043;
+00452;+00968;+17728;+02440;+00090;+00077;+00046;
+00876;+00720;+18480;+02439;+00092;+00093;+00058;
+00520;+00724;+16640;+02438;+00124;+00192;+00080;
+00552;+00416;+18172;+02440;+00123;+00161;+00079;
+00260;+00564;+17368;+02440;+00118;+00137;+00079;
+00604;+00724;+17804;+02440;+00119;+00131;+00087;
+00696;+00840;+17468;+02439;+00117;+00106;+00089;
+00600;+00544;+17632;+02439;+00115;+00097;+00072;
+00288;+00392;+17596;+02440;+00110;+00081;+00053;
+00424;+00472;+17772;+02439;+00107;+00070;+00053;
+00464;+00720;+17500;+02438;+00106;+00052;+00061;
+00648;+00964;+17612;+02438;+00106;+00037;+00067;
+00604;+00768;+17620;+02438;+00102;+00024;+00062;
+00536;+00524;+17648;+02439;+00097;+00021;+00045;
+00436;+00404;+17668;+02438;+00093;+00028;+00039;
+00432;+00648;+17688;+02437;+00095;+00041;+00047;
+00524;+00748;+17636;+02436;+00101;+00056;+00066;
+00580;+00872;+17720;+02437;+00105;+00063;+00080;
+00548;+00684;+17600;+02439;+00106;+00073;+00084;
+00516;+00504;+17668;+02439;+00104;+00081;+00083;
+00584;+00660;+17612;+02437;+00103;+00088;+00084;
+00576;+00664;+17636;+02437;+00105;+00092;+00084;
+00504;+00800;+17480;+02436;+00106;+00093;+00082;
+00508;+00720;+17612;+02435;+00106;+00088;+00076;
+00512;+00740;+17676;+02436;+00104;+00081;+00076;
+00552;+00732;+17548;+02435;+00104;+00076;+00083;
+00524;+00592;+17736;+02433;+00100;+00054;+00085;
+00568;+00584;+17612;+02432;+00093;+00040;+00085;
+00488;+00656;+17804;+02432;+00087;+00040;+00084;
+00584;+00760;+17572;+02431;+00089;+00047;+00079;
+00564;+00788;+17616;+02433;+00088;+00052;+00075;
+00520;+00676;+17664;+02431;+00086;+00057;+00067;
+00416;+00580;+17572;+02431;+00083;+00068;+00062;
+00472;+00492;+17588;+02432;+00086;+00071;+00065;
+00600;+00644;+17576;+02431;+00090;+00073;+00067;
+00636;+00744;+17684;+02433;+00093;+00071;+00066;
+00544;+00720;+17708;+02433;+00095;+00073;+00064;
+00532;+00652;+17644;+02433;+00093;+00074;+00063;
+00452;+00596;+17576;+02432;+00095;+00081;+00064;
+00480;+00608;+17736;+02432;+00095;+00088;+00064;
+00604;+00696;+17636;+02434;+00097;+00087;+00068;
+00584;+00664;+17672;+02433;+00099;+00086;+00068;
+00484;+00672;+17688;+02433;+00100;+00087;+00068;
+00376;+00644;+17620;+02432;+00103;+00092;+00072;
+00520;+00680;+17504;+02432;+00106;+00093;+00078;
+00708;+00860;+17632;+02433;+00106;+00089;+00078;
+00748;+00760;+17564;+02432;+00102;+00088;+00073;
+00600;+00628;+17684;+02431;+00098;+00092;+00059;
+00448;+00540;+17608;+02431;+00097;+00093;+00048;
+00280;+00664;+17600;+02433;+00102;+00098;+00045;
+00416;+00704;+17596;+02433;+00107;+00101;+00051;
+00600;+00712;+17600;+02432;+00107;+00097;+00062;
+00628;+00632;+17672;+02432;+00105;+00094;+00069;
+00568;+00600;+17604;+02433;+00104;+00093;+00069;
+00464;+00620;+17652;+02433;+00103;+00089;+00065;
+00456;+00624;+17624;+02433;+00100;+00086;+00068;
+00508;+00748;+17492;+02434;+00097;+00083;+00070;
+00560;+00700;+17604;+02434;+00096;+00079;+00072;
+00584;+00652;+17552;+02433;+00096;+00078;+00074;
+00532;+00608;+17672;+02432;+00097;+00079;+00077;
+00516;+00664;+17540;+02430;+00097;+00079;+00074;
+00588;+00708;+17652;+02429;+00095;+00079;+00063;
+00536;+00608;+17624;+02430;+00093;+00080;+00050;
+00452;+00648;+17576;+02429;+00093;+00082;+00041;
+00444;+00664;+17680;+02429;+00094;+00085;+00040;
+00440;+00644;+17500;+02428;+00093;+00082;+00049;
+00456;+00636;+17668;+02428;+00095;+00080;+00061;
+00524;+00600;+17628;+02428;+00099;+00079;+00070;
+00552;+00756;+17608;+02428;+00099;+00077;+00077;
+00572;+00680;+17728;+02428;+00096;+00073;+00075;
+00624;+00656;+17620;+02429;+00092;+00070;+00068;
+00488;+00672;+17636;+02428;+00091;+00072;+00062;
+00496;+00532;+17568;+02429;+00091;+00079;+00057;
+00444;+00612;+17600;+02430;+00094;+00084;+00059;
+00592;+00668;+17564;+02430;+00098;+00085;+00063;
+00560;+00640;+17616;+02429;+00099;+00083;+00067;
+00552;+00596;+17704;+02428;+00098;+00082;+00067;
+00468;+00600;+17604;+02428;+00098;+00081;+00066;
+00524;+00676;+17696;+02428;+00098;+00079;+00066;
+00448;+00668;+17612;+02428;+00097;+00079;+00065;
+00392;+00660;+17688;+02426;+00097;+00078;+00070;
+00500;+00716;+17576;+02425;+00096;+00079;+00077;
+00576;+00644;+17624;+02425;+00096;+00076;+00083;
+00620;+00672;+17644;+02426;+00097;+00077;+00083;
+00604;+00736;+17624;+02428;+00098;+00078;+00079;
+00632;+00752;+17628;+02427;+00099;+00079;+00071;
+00536;+00680;+17584;+02427;+00100;+00080;+00053;
+00488;+00584;+17640;+02427;+00099;+00077;+00033;
+00448;+00564;+17652;+02427;+00099;+00077;+00018;
+00524;+00688;+17624;+02426;+00101;+00077;+00016;
+00480;+00852;+17612;+02426;+00102;+00076;+00024;
+00484;+01028;+17564;+02426;+00103;+00077;+00032;
+00412;+00604;+17600;+02426;+00101;+00076;+00018;
+00612;+00144;+17912;+02425;+00092;+00066;-00020;
+00652;+00044;+17756;+02423;+00085;+00066;-00040;
+00620;+00660;+17800;+02422;+00093;+00066;-00018;
+00384;+01080;+17516;+02422;+00099;+00077;+00032;
+00224;+01008;+17492;+02423;+00103;+00084;+00073;
+00204;+00596;+17660;+02423;+00102;+00085;+00090;
+00668;+00444;+17640;+02424;+00098;+00080;+00087;
+00852;+00524;+17668;+02423;+00095;+00071;+00071;
+00884;+00804;+17612;+02424;+00096;+00065;+00055;
+00468;+00864;+17668;+02424;+00100;+00071;+00043;
+00020;+00632;+17620;+02422;+00099;+00079;+00042;
+00028;+00496;+17620;+02420;+00096;+00082;+00057;
+00452;+00600;+17668;+02421;+00096;+00077;+00084;
+00916;+00780;+17636;+02423;+00097;+00071;+00103;
+01064;+00852;+17608;+02423;+00098;+00066;+00103;
+00672;+00632;+17564;+02422;+00096;+00068;+00083;
+00200;+00496;+17636;+02419;+00093;+00075;+00060;
+00104;+00584;+17612;+02418;+00093;+00075;+00052;
+00352;+00780;+17700;+02418;+00095;+00073;+00063;
+00672;+00856;+17692;+02418;+00097;+00072;+00074;
+00852;+00636;+17568;+02418;+00095;+00071;+00075;
+00584;+00480;+17628;+02418;+00094;+00073;+00069;
+00392;+00496;+17724;+02419;+00097;+00077;+00061;
+00316;+00676;+17676;+02419;+00096;+00079;+00058;
+00472;+00832;+17640;+02421;+00094;+00077;+00061;
+00628;+00836;+17644;+02420;+00094;+00074;+00061;
+00616;+00640;+17712;+02419;+00097;+00075;+00055;
+00544;+00540;+17596;+02419;+00100;+00076;+00049;
+00520;+00680;+17560;+02419;+00101;+00075;+00045;
+00528;+00696;+17580;+02420;+00103;+00073;+00040;
+00436;+00716;+17584;+02420;+00103;+00075;+00041;
+00476;+00656;+17588;+02420;+00106;+00079;+00040;
+00472;+00648;+17684;+02418;+00108;+00082;+00041;
+00460;+00652;+17680;+02416;+00110;+00084;+00046;
+00520;+00704;+17624;+02417;+00109;+00084;+00053;
+00588;+00744;+17624;+02418;+00115;+00083;+00054;
+00488;+00728;+17672;+02418;+00115;+00086;+00049;
+00464;+00620;+17648;+02418;+00119;+00084;+00037;
+00596;+00628;+17652;+02420;+00122;+00086;+00029;
+00552;+00700;+17632;+02418;+00122;+00087;+00031;
+00480;+00720;+17656;+02417;+00120;+00086;+00041;
+00424;+00628;+17648;+02419;+00118;+00090;+00048;
+00472;+00636;+17596;+02417;+00115;+00093;+00054;
+00512;+00632;+17736;+02417;+00114;+00091;+00054;
+00552;+00608;+17620;+02418;+00111;+00090;+00050;
+00532;+00692;+17548;+02419;+00107;+00089;+00045;
+00400;+00668;+17616;+02419;+00108;+00084;+00042;
+00396;+00700;+17768;+02419;+00108;+00082;+00047;
+00464;+00676;+17584;+02418;+00109;+00084;+00056;
+00584;+00696;+17476;+02418;+00108;+00085;+00071;
+00596;+00796;+17636;+02417;+00106;+00086;+00079;
+00648;+00748;+17604;+02418;+00102;+00084;+00081;
+00628;+00688;+17592;+02419;+00098;+00084;+00075;
+00496;+00620;+17592;+02419;+00097;+00084;+00066;
+00412;+00624;+17608;+02418;+00096;+00084;+00056;
+00404;+00648;+17584;+02417;+00095;+00081;+00056;
+00508;+00704;+17664;+02416;+00092;+00077;+00061;
+00504;+00728;+17504;+02415;+00091;+00073;+00066;
+00592;+00736;+17600;+02416;+00089;+00072;+00067;
+00556;+00668;+17628;+02417;+00090;+00073;+00067;
+00608;+00712;+17592;+02414;+00093;+00070;+00062;
+00508;+00712;+17680;+02414;+00096;+00068;+00056;
+00432;+00664;+17600;+02416;+00096;+00070;+00050;
+00380;+00664;+17628;+02418;+00097;+00067;+00051;
+00744;+00852;+18812;+02421;+00112;+00050;+00057;
+00408;+00784;+17424;+02421;+00108;+00055;+00059;
+00496;+00600;+17728;+02421;+00107;+00051;+00059;
+00460;+00576;+17548;+02421;+00103;+00059;+00059;
+00584;+00636;+17684;+02419;+00096;+00062;+00058;
+00512;+00652;+17712;+02419;+00091;+00071;+00055;
+00540;+00988;+17752;+02420;+00087;+00078;+00058;
+00080;+00588;+17364;+02421;+00072;+00089;+00061;
+00396;+00436;+17756;+02421;+00074;+00081;+00062;
+00632;+00792;+17540;+02419;+00075;+00089;+00066;
+00652;+00864;+17620;+02418;+00078;+00081;+00068;
+00640;+00744;+17644;+02417;+00079;+00086;+00062;
+00412;+00696;+17540;+02416;+00081;+00096;+00053;
+00404;+00644;+17672;+02418;+00086;+00106;+00046;
+00480;+00584;+17576;+02417;+00095;+00121;+00043;
+00616;+00684;+17800;+02417;+00101;+00143;+00044;
+00656;+00684;+17632;+02416;+00112;+00157;+00043;
+00512;+00628;+17508;+02418;+00123;+00169;+00042;
+00324;+00556;+17796;+02416;+00137;+00171;+00041;
+00316;+00644;+17416;+02416;+00150;+00163;+00042;
+00460;+00672;+17644;+02415;+00164;+00150;+00049;
+00608;+00692;+17600;+02414;+00179;+00139;+00056;
+00656;+00704;+17756;+02416;+00196;+00135;+00060;
+00668;+00716;+17660;+02418;+00214;+00138;+00060;
+00540;+00784;+17676;+02419;+00232;+00141;+00056;
+00420;+00708;+17872;+02420;+00251;+00149;+00045;
+00336;+00688;+17704;+02418;+00274;+00157;+00030;
+00436;+00728;+17592;+02416;+00295;+00165;+00021;
+00536;+00684;+17600;+02414;+00311;+00165;+00020;
+00412;+00796;+17716;+02414;+00323;+00162;+00026;
+00428;+00780;+17524;+02417;+00327;+00158;+00029;
+00584;+00656;+17552;+02418;+00326;+00148;+00027;
+00540;+00728;+17492;+02417;+00316;+00143;+00021;
+00544;+00692;+17464;+02416;+00301;+00138;+00017;
+00388;+00800;+17568;+02417;+00285;+00134;+00012;
+00356;+00692;+17652;+02417;+00270;+00130;+00011;
+00388;+00688;+17592;+02417;+00262;+00126;+00018;
+00472;+00772;+17556;+02419;+00257;+00122;+00028;
+00476;+00700;+17748;+02420;+00253;+00115;+00040;
+00564;+00736;+17784;+02422;+00262;+00110;+00046;
+00500;+00740;+17744;+02422;+00280;+00104;+00045;
+00332;+00744;+17600;+02419;+00303;+00102;+00043;
+00324;+00800;+17640;+02416;+00320;+00099;+00039;
+00452;+00812;+17744;+02417;+00323;+00097;+00040;
+00468;+00844;+17676;+02415;+00319;+00097;+00045;
+00556;+00844;+17608;+02414;+00315;+00095;+00054;
+00444;+00848;+17904;+02415;+00315;+00096;+00062;
+00384;+00748;+17832;+02414;+00326;+00100;+00067;
+00396;+00768;+17704;+02414;+00342;+00107;+00076;
+00468;+00796;+17740;+02414;+00358;+00118;+00088;
+00520;+00840;+17784;+02415;+00373;+00128;+00098;
+00548;+00888;+17900;+02415;+00396;+00138;+00106;
+00344;+00828;+17796;+02414;+00428;+00157;+00110;
+00296;+00788;+17516;+02413;+00467;+00172;+00111;
+00432;+00912;+17564;+02411;+00498;+00182;+00114;
+00492;+00944;+17588;+02410;+00508;+00194;+00120;
+00672;+00840;+18232;+02410;+00518;+00198;+00119;
+00460;+00952;+17892;+02413;+00547;+00220;+00110;
+00380;+00840;+18260;+02413;+00592;+00231;+00101;
+00468;+00828;+18352;+02412;+00669;+00246;+00095;
+00444;+00924;+18476;+02411;+00772;+00254;+00084;
+00552;+00916;+18656;+02412;+00891;+00235;+00074;
+00540;+00988;+18712;+02412;+01036;+00196;+00064;
+00520;+01028;+18308;+02412;+01209;+00162;+00057;
+00468;+01152;+17960;+02410;+01380;+00123;+00050;
+00468;+01140;+17236;+02409;+01526;+00085;+00036;
+00312;+01056;+16652;+02411;+01619;+00049;+00018;
+00468;+01116;+16264;+02412;+01624;+00014;+00001;
+00720;+01352;+16200;+02413;+01545;+00001;-00010;
+00472;+01352;+16696;+02413;+01396;+00029;-00022;
+00444;+01316;+17308;+02413;+01214;+00053;-00042;
+00456;+01224;+17972;+02412;+01042;+00068;-00064;
+00200;+01120;+18560;+02413;+00933;+00084;-00092;
+00176;+01136;+19184;+02413;+00907;+00088;-00100;
+00212;+01168;+19076;+02412;+00972;+00076;-00081;
+00236;+01284;+18684;+02412;+01119;+00051;-00041;
+00524;+01404;+17972;+02412;+01314;+00008;+00004;
+00720;+01604;+17348;+02412;+01499;-00028;+00030;
+00772;+01756;+17028;+02411;+01633;-00047;+00036;
+00556;+01456;+16724;+02412;+01706;-00045;+00021;
+00544;+01492;+16568;+02415;+01717;-00034;-00004;
+00208;+01440;+17136;+02416;+01647;-00007;-00027;
+00080;+01604;+17972;+02415;+01558;+00026;-00034;
+00544;+01736;+19224;+02413;+01491;+00071;-00018;
+00696;+01636;+19852;+02412;+01514;+00097;-00006;
+00860;+01588;+20116;+02413;+01637;+00116;-00011;
+00928;+01744;+19796;+02413;+01879;+00106;-00034;
+00992;+01824;+19556;+02414;+02200;+00087;-00081;
+01248;+02120;+18248;+02411;+02551;+00064;-00148;
+00848;+02060;+17532;+02412;+02837;+00043;-00240;
+00148;+01888;+17216;+02410;+03073;+00060;-00342;
-00112;+01804;+17172;+02409;+03226;+00068;-00408;
-00380;+01864;+16840;+02410;+03310;+00078;-00421;
-00196;+02032;+16376;+02412;+03333;+00077;-00388;
-00084;+02296;+16240;+02411;+03277;+00094;-00326;
+00192;+02392;+16180;+02410;+03154;+00121;-00251;
-00044;+02372;+16372;+02410;+02974;+00151;-00175;
-00116;+02368;+16264;+02409;+02766;+00183;-00100;
-00248;+02268;+16600;+02407;+02541;+00204;-00016;
-00496;+01996;+16428;+02408;+02290;+00241;+00083;
-00128;+02072;+16808;+02409;+02051;+00276;+00208;
-00148;+01608;+17428;+02410;+01839;+00308;+00347;
-00072;+02128;+17296;+02411;+01653;+00374;+00496;
+00300;+02440;+17276;+02412;+01481;+00478;+00651;
+00316;+03508;+16328;+02412;+01364;+00497;+00784;
-00104;+02596;+17336;+02412;+01266;+00382;+00865;
+00092;+03452;+15840;+02411;+01173;+00291;+00942;
+00572;+03088;+16944;+02409;+01071;+00262;+01011;
+00516;+02620;+16624;+02410;+00904;+00249;+01057;
+00772;+03064;+17420;+02413;+00746;+00303;+01082;
+00812;+02824;+17688;+02411;+00595;+00355;+01077;
+00640;+02948;+18436;+02412;+00506;+00379;+01041;
+01100;+02944;+19020;+02411;+00493;+00335;+00991;
+01560;+03376;+20168;+02412;+00598;+00222;+00920;
+02236;+03396;+20060;+02412;+00788;+00171;+00814;
+01880;+03516;+18884;+02412;+01081;+00210;+00638;
+01336;+03556;+18256;+02411;+01438;+00131;+00405;
+00604;+03580;+17924;+02411;+01808;-00064;+00159;
+00648;+03612;+17448;+02410;+02105;-00196;-00050;
+00892;+03736;+17236;+02410;+02322;-00205;-00187;
+00756;+03808;+18552;+02410;+02485;-00221;-00297;
+00680;+03664;+19584;+02409;+02650;-00187;-00395;
+00492;+03264;+20212;+02409;+02883;-00135;-00489;
+00984;+02884;+20236;+02410;+03192;-00114;-00581;
+00408;+02732;+19592;+02410;+03553;-00075;-00657;
-00272;+02632;+18412;+02410;+03951;-00052;-00720;
-00800;+02660;+17552;+02411;+04317;-00029;-00741;
-00656;+02772;+17012;+02411;+04623;-00010;-00709;
-00452;+03452;+16972;+02410;+04855;+00025;-00641;
+00272;+04004;+17136;+02410;+05006;+00079;-00569;
+00932;+04608;+17764;+02410;+05114;+00125;-00522;
+01372;+04896;+18244;+02408;+05199;+00186;-00541;
+01032;+04724;+18992;+02406;+05271;+00328;-00628;
+00840;+04900;+19244;+02409;+05361;+00626;-00707;
+00764;+04936;+18616;+02410;+05448;+01089;-00742;
+01172;+05632;+18584;+02411;+05570;+01542;-00756;
+01244;+05972;+18248;+02409;+05737;+01864;-00831;
+00372;+05104;+18012;+02409;+05963;+02074;-01032;
-00268;+04948;+17992;+02409;+06207;+02216;-01289;
-00208;+04948;+17940;+02409;+06402;+02399;-01485;
-00104;+05256;+16288;+02407;+06555;+02691;-01593;
-00136;+05372;+16516;+02407;+06646;+02997;-01629;
-00408;+05580;+16624;+02407;+06669;+03291;-01644;
+00164;+05984;+16480;+02408;+06655;+03592;-01629;
-00564;+05596;+16976;+02410;+06700;+03713;-01614;
-00968;+05284;+16352;+02411;+06841;+03515;-01590;
-00896;+06244;+16312;+02409;+07078;+03109;-01556;
-00992;+06036;+16356;+02408;+07338;+02586;-01558;
-01056;+06012;+15356;+02406;+07645;+01923;-01648;
-01024;+05804;+15348;+02404;+07984;+01053;-01756;
-00548;+05864;+15932;+02404;+08277;+00105;-01815;
-01028;+06244;+15528;+02405;+08502;-00725;-01830;
-01320;+06040;+17104;+02404;+08594;-01311;-01780;
-01728;+06096;+17008;+02404;+08581;-01449;-01643;
-01644;+06152;+17004;+02403;+08453;-01174;-01393;
-01956;+06472;+16420;+02405;+08289;-00669;-01046;
-01204;+06864;+15344;+02404;+08142;-00182;-00663;
-00940;+07176;+14944;+02405;+08070;+00127;-00298;
-00904;+07532;+14604;+02405;+08071;+00083;-00021;
-00996;+07636;+14960;+02406;+08131;-00301;+00150;
-01164;+07696;+15324;+02406;+08261;-00864;+00247;
-00536;+08412;+15444;+02406;+08422;-01484;+00324;
+00012;+09112;+15136;+02405;+08559;-02081;+00395;
+00080;+09332;+14264;+02405;+08705;-02666;+00431;
-00420;+08612;+14000;+02406;+08800;-03139;+00426;
+00144;+09820;+14080;+02406;+08839;-03386;+00409;
-00192;+09660;+15384;+02406;+08828;-03449;+00413;
-00816;+08944;+15748;+02405;+08905;-03757;+00389;
-00336;+09056;+15320;+02406;+08999;-03961;+00424;
+00032;+09732;+15608;+02407;+09100;-04201;+00480;
+00416;+10132;+18176;+02408;+09119;-04362;+00536;
+00740;+09648;+12552;+02406;+08834;-03511;+00599;
+01692;+10344;+10636;+02407;+08537;-01968;+00659;
+01652;+10424;+12388;+02405;+08175;-01183;+00615;
+01124;+10932;+13136;+02405;+07895;-00909;+00473;
+00532;+11076;+14412;+02404;+07594;-00820;+00297;
-00040;+11100;+13828;+02404;+07368;-00637;+00132;
-00520;+10972;+13984;+02406;+07224;-00471;+00020;
-00332;+11580;+13648;+02405;+07181;-00362;-00030;
+00092;+11104;+14940;+02406;+07252;-00246;-00046;
-00072;+10416;+13760;+02404;+07366;-00162;-00030;
+00004;+10808;+13784;+02403;+07486;-00063;+00018;
-00128;+10568;+11568;+02403;+07584;+00070;+00096;
-00024;+11160;+13692;+02403;+07671;+00230;+00199;
-00568;+11352;+12808;+02405;+07671;+00383;+00303;
-00368;+11412;+12588;+02404;+07708;+00623;+00437;
-00296;+11412;+12652;+02404;+07762;+00686;+00611;
+00452;+12540;+12476;+02404;+07793;+00705;+00791;
+00892;+12340;+11916;+02404;+07840;+00932;+00964;
+00904;+12104;+12484;+02403;+07879;+01152;+01104;
+00776;+11688;+13780;+02405;+07917;+01276;+01190;
+00756;+11676;+12324;+02405;+07910;+01357;+01229;
+00616;+12076;+12168;+02404;+07866;+01381;+01236;
+00052;+12252;+12120;+02404;+07791;+01365;+01213;
+00012;+12756;+12428;+02404;+07732;+01393;+01181;
-00516;+12948;+13808;+02404;+07728;+01337;+01165;
-00152;+13004;+13184;+02404;+07860;+01376;+01198;
+00500;+13228;+12664;+02404;+08089;+01467;+01271;
+00700;+12716;+11192;+02404;+08341;+01547;+01347;
+01176;+13056;+10816;+02402;+08577;+01603;+01374;
+01588;+13392;+10716;+02400;+08756;+01565;+01329;
+00960;+13588;+11676;+02400;+08871;+01420;+01211;
+01508;+13400;+09392;+02402;+08995;+01358;+01059;
+02140;+13564;+10288;+02403;+09080;+01225;+00892;
+01592;+13704;+09880;+02403;+09117;+00984;+00675;
+00068;+13744;+09936;+02405;+09129;+00751;+00429;
+00112;+14040;+09428;+02405;+09156;+00574;+00230;
+00012;+14024;+09432;+02405;+09177;+00425;+00095;
-00284;+14072;+09376;+02405;+09166;+00309;+00000;
-00100;+14168;+09552;+02404;+09168;+00204;-00047;
+00204;+14340;+08940;+02403;+09174;+00139;-00062;
+00568;+14452;+08240;+02402;+09176;+00092;-00060;
+00732;+14536;+07452;+02403;+09162;+00061;-00053;
+00532;+14772;+07088;+02402;+09104;+00052;-00064;
+00192;+14792;+06904;+02401;+08990;+00064;-00097;
-00256;+14792;+06948;+02400;+08822;+00077;-00133;
-00276;+14980;+06576;+02399;+08615;+00075;-00150;
+00048;+15036;+06184;+02399;+08379;+00067;-00133;
+00388;+15168;+05996;+02399;+08113;+00049;-00104;
+00348;+15244;+05900;+02401;+07807;+00039;-00080;
+00324;+15388;+06036;+02400;+07484;+00036;-00066;
+00148;+15304;+06424;+02400;+07137;+00063;-00062;
-00040;+15480;+06756;+02401;+06814;+00094;-00062;
-00004;+15456;+06960;+02400;+06539;+00117;-00058;
+00088;+15468;+06592;+02398;+06316;+00114;-00047;
+00384;+15688;+06124;+02399;+06146;+00095;-00030;
+00208;+15660;+05776;+02400;+05992;+00079;-00014;
-00060;+15676;+05788;+02401;+05831;+00076;-00003;
-00136;+15720;+06012;+02402;+05654;+00086;+00015;
+00108;+15748;+05928;+02403;+05480;+00094;+00037;
+00232;+15776;+05740;+02402;+05319;+00097;+00063;
+00332;+15940;+05804;+02402;+05158;+00103;+00081;
+00416;+15968;+05736;+02403;+05005;+00102;+00094;
+00264;+15896;+05420;+02403;+04857;+00098;+00097;
+00288;+15968;+05156;+02403;+04713;+00092;+00095;
+00324;+16104;+05204;+02402;+04569;+00087;+00088;
+00096;+16112;+05192;+02403;+04431;+00087;+00079;
+00268;+16084;+05568;+02401;+04306;+00088;+00075;
+00208;+16092;+05792;+02400;+04186;+00095;+00069;
+00148;+16064;+06000;+02400;+04090;+00103;+00066;
+00132;+16084;+05792;+02401;+04034;+00104;+00066;
+00184;+16192;+05520;+02399;+04013;+00095;+00070;
+00196;+16136;+05376;+02398;+04011;+00082;+00078;
+00000;+16148;+05568;+02398;+04003;+00090;+00083;
+00048;+16176;+06140;+02400;+04001;+00110;+00090;
+00180;+16176;+06224;+02399;+04038;+00123;+00104;
+00352;+16260;+06100;+02398;+04134;+00125;+00117;
+00748;+16268;+05720;+02399;+04284;+00124;+00122;
+00588;+16324;+05556;+02399;+04470;+00117;+00104;
+00436;+16216;+05180;+02399;+04670;+00103;+00072;
+00172;+16252;+04792;+02398;+04867;+00093;+00037;
+00056;+16244;+04056;+02398;+05023;+00078;+00008;
+00044;+16356;+03904;+02399;+05121;+00074;-00005;
+00232;+16408;+03892;+02401;+05163;+00069;-00009;
+00596;+16388;+03748;+02403;+05178;+00055;-00012;
+00528;+16372;+03900;+02401;+05176;+00048;-00025;
+00204;+16404;+03724;+02401;+05157;+00051;-00044;
+00096;+16420;+03468;+02400;+05127;+00057;-00064;
+00148;+16496;+02980;+02399;+05102;+00055;-00079;
+00076;+16512;+01788;+02397;+05070;+00046;-00093;
-00092;+16448;+01528;+02397;+04964;+00022;-00102;
+00192;+16608;+00480;+02397;+04760;+00007;-00095;
-00032;+16640;+01288;+02398;+04430;+00009;-00080;
-00252;+16536;+01824;+02398;+04033;+00020;-00061;
+00032;+16656;+01700;+02400;+03636;+00040;-00040;
+00120;+16700;+02324;+02399;+03267;+00052;-00022;
+00236;+16612;+02816;+02400;+02943;+00069;-00005;
+00272;+16640;+03340;+02400;+02673;+00080;+00008;
+00180;+16632;+03452;+02400;+02478;+00097;+00019;
+00228;+16624;+03256;+02399;+02369;+00104;+00026;
+00288;+16736;+02588;+02399;+02322;+00094;+00024;
+00304;+16724;+01776;+02399;+02300;+00077;+00018;
+00180;+16680;+01068;+02397;+02244;+00063;+00008;
-00272;+16696;+00768;+02399;+02093;+00065;+00002;
-00096;+16600;+01192;+02397;+01841;+00082;+00013;
+00136;+16788;+01844;+02396;+01541;+00100;+00036;
+00148;+16716;+02196;+02396;+01245;+00113;+00049;
+00224;+16628;+02756;+02398;+00984;+00117;+00058;
+00388;+16688;+03240;+02397;+00778;+00119;+00065;
+00264;+16696;+03676;+02397;+00639;+00124;+00061;
+00148;+16708;+03828;+02397;+00584;+00131;+00055;
+00192;+16652;+03768;+02397;+00618;+00130;+00050;
+00084;+16720;+03504;+02396;+00719;+00124;+00042;
+00092;+16668;+03292;+02396;+00851;+00119;+00034;
+00244;+16728;+03200;+02396;+00986;+00104;+00033;
+00128;+16720;+03316;+02395;+01105;+00095;+00032;
+00236;+16668;+03252;+02396;+01230;+00083;+00028;
+00212;+16692;+03708;+02396;+01366;+00076;+00020;
+00096;+16632;+03608;+02398;+01526;+00078;+00008;
+00140;+16648;+03492;+02399;+01724;+00070;-00005;
-00080;+16628;+03348;+02400;+01933;+00066;-00010;
-00032;+16640;+03288;+02399;+02138;+00067;-00009;
+00216;+16672;+03140;+02397;+02351;+00065;-00002;
+00376;+16520;+02528;+02398;+02565;+00054;+00004;
+00200;+16660;+01648;+02400;+02761;+00037;-00001;
+00064;+16664;+00764;+02399;+02910;+00019;-00005;
-00340;+16720;+00212;+02398;+02959;+00009;-00004;
-00280;+16708;-00492;+02396;+02901;+00002;+00009;
-00084;+16756;-00732;+02396;+02726;-00004;+00031;
+00152;+16808;-00952;+02398;+02428;+00020;+00059;
-00064;+16712;-00452;+02398;+02021;+00061;+00085;
+00012;+16776;+00536;+02398;+01552;+00141;+00112;
+00404;+16784;+00916;+02398;+01128;+00253;+00156;
+00716;+16764;+01880;+02399;+00805;+00384;+00186;
+00736;+16828;+00824;+02398;+00571;+00517;+00183;
+00188;+16748;+02956;+02398;+00381;+00480;+00147;
+00132;+16776;+01556;+02396;+00243;+00371;+00108;
+00056;+16732;+02236;+02396;+00170;+00295;+00084;
+00000;+16788;+01388;+02397;+00133;+00233;+00063;
-00128;+16748;+01380;+02398;+00082;+00174;+00044;
+00092;+16704;+01652;+02399;+00013;+00140;+00036;
+00200;+16772;+02048;+02400;-00079;+00125;+00044;
+00292;+16752;+02300;+02399;-00153;+00126;+00054;
+00060;+16824;+02688;+02399;-00185;+00132;+00056;
-00080;+16708;+02892;+02399;-00168;+00135;+00055;
+00064;+16700;+03096;+02399;-00106;+00133;+00058;
+00332;+16712;+03228;+02398;+00004;+00128;+00065;
+00200;+16752;+03372;+02399;+00155;+00130;+00063;
+00276;+16748;+03228;+02398;+00353;+00129;+00057;
+00340;+16704;+03024;+02397;+00594;+00123;+00050;
+00244;+16772;+02564;+02394;+00860;+00118;+00032;
+00100;+16740;+01756;+02394;+01116;+00119;+00013;
-00224;+16764;+02376;+02394;+01320;+00117;+00002;
-00148;+16688;+02672;+02392;+01491;+00140;+00007;
-00020;+16784;+02292;+02392;+01642;+00167;+00021;
-00428;+16712;+04864;+02393;+01801;+00230;+00040;
-00268;+16660;+02740;+02395;+02055;+00494;+00073;
+00292;+16812;+02900;+02396;+02352;+00843;+00122;
+00740;+16768;+01524;+02397;+02667;+01205;+00164;
+00900;+16760;+00556;+02399;+02919;+01508;+00178;
+00624;+16748;-00548;+02399;+03056;+01669;+00156;
+00528;+16652;-00452;+02398;+03054;+01613;+00106;
+00196;+16716;-00180;+02398;+02928;+01404;+00046;
-00216;+16732;-00156;+02397;+02718;+01131;-00009;
-00196;+16644;-00324;+02396;+02485;+00920;-00034;
+00108;+16776;-00512;+02397;+02245;+00777;-00029;
-00148;+16680;-00552;+02397;+01967;+00653;-00017;
-00464;+16812;-00784;+02398;+01668;+00542;-00005;
-00360;+16888;-00920;+02397;+01350;+00443;+00014;
+00140;+16816;-01108;+02396;+00997;+00354;+00045;
+00200;+16800;-00892;+02396;+00601;+00288;+00068;
+00236;+16776;-00372;+02397;+00174;+00235;+00085;
+00344;+16812;+00004;+02397;-00236;+00199;+00095;
+00396;+16736;+00500;+02397;-00607;+00173;+00097;
+00028;+16696;+01164;+02398;-00930;+00168;+00083;
-00204;+16700;+01692;+02397;-01187;+00174;+00072;
-00148;+16712;+01884;+02395;-01352;+00178;+00073;
-00044;+16788;+02088;+02396;-01435;+00169;+00088;
+00328;+16752;+02096;+02396;-01437;+00143;+00109;
+00348;+16820;+02204;+02396;-01377;+00108;+00121;
+00220;+16776;+02128;+02396;-01286;+00075;+00119;
+00208;+16784;+02156;+02396;-01174;+00055;+00108;
+00116;+16728;+02368;+02397;-01053;+00050;+00099;
+00004;+16736;+01856;+02397;-00905;+00046;+00092;
-00072;+16784;+01448;+02395;-00756;+00039;+00097;
+00032;+16760;+01064;+02395;-00628;+00030;+00104;
+00216;+16812;+00780;+02395;-00552;+00014;+00109;
+00264;+16748;+00692;+02397;-00539;+00002;+00115;
+00336;+16868;+00748;+02397;-00585;+00004;+00114;
+00208;+16772;+00932;+02398;-00673;+00023;+00108;
-00088;+16808;+01188;+02396;-00782;+00049;+00100;
-00248;+16744;+01672;+02397;-00890;+00078;+00100;
-00008;+16688;+02240;+02397;-00973;+00098;+00112;
+00292;+16868;+02696;+02396;-00991;+00100;+00126;
+00464;+16716;+03060;+02396;-00947;+00091;+00130;
+00492;+16752;+03128;+02394;-00839;+00081;+00123;
+00500;+16728;+02972;+02395;-00667;+00074;+00106;
+00244;+16744;+02568;+02396;-00444;+00073;+00083;
-00092;+16736;+01988;+02398;-00206;+00078;+00060;
-00288;+16768;+01536;+02398;+00005;+00082;+00045;
-00100;+16784;+01632;+02398;+00141;+00091;+00046;
+00304;+16796;+01620;+02397;+00238;+00080;+00057;
+00356;+16792;+01676;+02395;+00305;+00068;+00059;
+00380;+16716;+01832;+02394;+00360;+00058;+00056;
+00364;+16800;+01976;+02396;+00413;+00054;+00050;
+00188;+16828;+01772;+02398;+00463;+00071;+00039;
-00016;+16736;+01616;+02398;+00518;+00097;+00024;
-00016;+16692;+01292;+02400;+00569;+00120;+00010;
-00072;+16800;+00988;+02400;+00602;+00127;+00001;
-00152;+16768;+01052;+02401;+00602;+00112;+00000;
-00016;+16832;+00448;+02401;+00564;+00088;+00012;
+00024;+16724;+01176;+02400;+00495;+00070;+00029;
+00120;+16812;+00948;+02399;+00400;+00069;+00042;
+00196;+16756;+01316;+02397;+00296;+00074;+00054;
+00308;+16824;+01456;+02398;+00207;+00089;+00063;
+00316;+16756;+01344;+02397;+00138;+00095;+00069;
+00072;+16768;+01772;+02398;+00086;+00091;+00063;
+00032;+16752;+01696;+02397;+00054;+00088;+00055;
+00044;+16800;+01824;+02396;+00041;+00077;+00056;
+00112;+16760;+01936;+02396;+00053;+00068;+00057;
+00152;+16720;+01628;+02396;+00087;+00068;+00055;
+00156;+16780;+01452;+02396;+00131;+00069;+00056;
+00096;+16780;+01272;+02396;+00159;+00078;+00056;
+00072;+16744;+01376;+02395;+00164;+00086;+00057;
+00080;+16788;+01572;+02397;+00153;+00093;+00056;
+00232;+16740;+01800;+02397;+00145;+00089;+00056;
+00240;+16768;+02024;+02396;+00150;+00086;+00054;
+00192;+16784;+02096;+02396;+00175;+00087;+00049;
+00128;+16732;+01960;+02395;+00222;+00093;+00042;
+00024;+16796;+01784;+02395;+00287;+00100;+00037;
+00068;+16740;+01484;+02394;+00357;+00093;+00039;
+00136;+16692;+01876;+02392;+00432;+00090;+00038;
+00220;+16696;+01268;+02393;+00486;+00082;+00037;
+00240;+16696;+01748;+02393;+00519;+00078;+00036;
+00272;+16784;+01560;+02392;+00548;+00078;+00032;
+00184;+16736;+01576;+02393;+00574;+00077;+00027;
+00016;+16724;+01280;+02393;+00606;+00083;+00023;
-00008;+16812;+01152;+02394;+00625;+00088;+00022;
+00112;+16760;+01060;+02395;+00632;+00086;+00028;
+00108;+16776;+00916;+02396;+00622;+00078;+00034;
+00164;+16796;+00700;+02398;+00592;+00067;+00037;
+00084;+16844;+00564;+02397;+00529;+00057;+00039;
-00056;+16772;+00744;+02397;+00429;+00060;+00043;
+00004;+16804;+00944;+02395;+00298;+00075;+00049;
+00156;+16804;+01120;+02396;+00168;+00091;+00056;
+00124;+16800;+01088;+02398;+00063;+00098;+00063;
+00148;+16832;+01200;+02398;-00027;+00094;+00067;
+00112;+16760;+01280;+02396;-00108;+00085;+00068;
+00040;+16732;+01368;+02395;-00179;+00077;+00070;
+00040;+16752;+01440;+02395;-00241;+00072;+00074;
+00080;+16820;+01424;+02395;-00287;+00069;+00074;
+00148;+16740;+01608;+02396;-00319;+00072;+00078;
+00120;+16728;+01616;+02396;-00339;+00078;+00078;
+00220;+16752;+01924;+02396;-00345;+00088;+00081;
+00140;+16772;+02156;+02395;-00333;+00087;+00077;
+00072;+16772;+02152;+02395;-00288;+00087;+00073;
+00180;+16696;+02172;+02395;-00201;+00075;+00071;
+00008;+16752;+02016;+02394;-00087;+00064;+00068;
+00120;+16720;+01796;+02395;+00024;+00066;+00070;
+00116;+16780;+01776;+02396;+00135;+00064;+00074;
+00020;+16852;+01564;+02394;+00227;+00063;+00075;
+00116;+16812;+01340;+02394;+00305;+00057;+00074;
+00280;+16768;+01584;+02394;+00358;+00050;+00072;
+00268;+16760;+01132;+02396;+00391;+00046;+00068;
+00032;+16724;+01264;+02397;+00402;+00049;+00059;
+00096;+16800;+01052;+02397;+00404;+00061;+00054;
+00092;+16800;+00872;+02396;+00390;+00064;+00054;
+00020;+16744;+00648;+02395;+00360;+00067;+00054;
+00136;+16796;+00592;+02395;+00289;+00064;+00057;
+00128;+16756;+00840;+02397;+00181;+00060;+00061;
+00116;+16808;+01120;+02398;+00051;+00062;+00063;
+00120;+16768;+01372;+02397;-00073;+00065;+00066;
+00196;+16772;+01640;+02397;-00171;+00070;+00071;
+00180;+16812;+01840;+02396;-00236;+00077;+00072;
+00112;+16752;+02036;+02396;-00268;+00089;+00069;
+00140;+16728;+02072;+02394;-00267;+00100;+00065;
+00080;+16748;+02272;+02395;-00225;+00103;+00060;
+00128;+16764;+02204;+02396;-00147;+00095;+00060;
+00160;+16840;+02192;+02396;-00042;+00086;+00060;
+00136;+16752;+02104;+02395;+00079;+00083;+00058;
+00200;+16728;+01908;+02395;+00212;+00081;+00056;
+00164;+16816;+01672;+02396;+00344;+00083;+00053;
+00140;+16760;+01760;+02397;+00461;+00081;+00050;
+00108;+16808;+01148;+02398;+00557;+00080;+00044;
+00064;+16788;+01096;+02398;+00623;+00074;+00038;
+00068;+16848;+00808;+02399;+00655;+00068;+00038;
+00100;+16812;+00624;+02396;+00648;+00059;+00041;
+00080;+16796;+00528;+02394;+00600;+00057;+00042;
+00124;+16756;+00652;+02393;+00519;+00055;+00047;
+00116;+16792;+00872;+02396;+00412;+00059;+00055;
-00008;+16820;+01132;+02396;+00290;+00069;+00057;
-00004;+16816;+01472;+02397;+00177;+00069;+00066;
+00184;+16800;+01584;+02396;+00106;+00065;+00077;
+00188;+16764;+01424;+02395;+00066;+00054;+00084;
+00344;+16860;+01248;+02394;+00043;+00049;+00082;
+00276;+16772;+01100;+02395;+00017;+00053;+00079;
+00204;+16800;+01188;+02395;-00021;+00062;+00073;
+00052;+16796;+01232;+02395;-00066;+00075;+00070;
+00064;+16768;+01292;+02395;-00116;+00088;+00065;
-00004;+16780;+01452;+02396;-00164;+00098;+00063;
-00040;+16776;+01860;+02396;-00210;+00109;+00062;
+00212;+16784;+02300;+02396;-00220;+00109;+00067;
+00272;+16776;+02556;+02395;-00180;+00110;+00068;
+00356;+16716;+02520;+02392;-00082;+00108;+00063;
+00300;+16748;+02164;+02391;+00066;+00106;+00057;
+00128;+16744;+01748;+02391;+00240;+00108;+00047;
+00004;+16764;+01628;+02393;+00403;+00106;+00037;
+00132;+16796;+01008;+02395;+00534;+00100;+00029;
+00096;+16780;+01224;+02394;+00625;+00102;+00024;
+00256;+16820;+01120;+02393;+00680;+00102;+00021;
+00112;+16780;+01140;+02392;+00707;+00094;+00020;
+00100;+16756;+00928;+02390;+00724;+00088;+00013;
+00120;+16760;+00828;+02390;+00720;+00082;+00012;
-00020;+16700;+00856;+02390;+00692;+00080;+00012;
+00004;+16740;+00936;+02392;+00635;+00089;+00018;
+00044;+16736;+01180;+02392;+00566;+00102;+00027;
+00140;+16748;+01328;+02393;+00501;+00113;+00033;
+00176;+16840;+01192;+02392;+00466;+00106;+00038;
+00180;+16744;+00948;+02392;+00454;+00091;+00042;
+00196;+16864;+00580;+02391;+00440;+00076;+00044;
-00004;+16744;+00568;+02392;+00395;+00070;+00042;
+00048;+16724;+00440;+02393;+00307;+00071;+00039;
-00112;+16792;+00640;+02393;+00187;+00078;+00044;
-00084;+16732;+00712;+02393;+00051;+00083;+00055;
+00168;+16816;+00960;+02393;-00076;+00079;+00070;
+00172;+16860;+01132;+02393;-00190;+00076;+00079;
+00216;+16820;+01496;+02394;-00285;+00071;+00086;
+00260;+16740;+01704;+02394;-00353;+00067;+00089;
+00136;+16804;+01844;+02393;-00387;+00069;+00090;
+00072;+16704;+01820;+02395;-00384;+00079;+00083;
-00008;+16736;+01948;+02393;-00355;+00090;+00080;
+00128;+16728;+01724;+02394;-00300;+00086;+00083;
+00128;+16756;+01928;+02394;-00217;+00080;+00084;
+00116;+16760;+01776;+02395;-00122;+00071;+00079;
+00128;+16720;+01488;+02394;-00033;+00061;+00075;
+00104;+16772;+01544;+02392;+00049;+00057;+00075;
+00140;+16760;+01376;+02391;+00116;+00062;+00077;
+00040;+16772;+01072;+02393;+00172;+00063;+00079;
-00072;+16752;+00940;+02393;+00202;+00066;+00081;
+00128;+16792;+00940;+02393;+00200;+00067;+00086;
+00140;+16716;+01148;+02391;+00169;+00064;+00092;
+00164;+16788;+01360;+02390;+00121;+00066;+00092;
+00160;+16788;+01520;+02390;+00080;+00068;+00095;
+00124;+16784;+01788;+02390;+00052;+00080;+00094;
+00260;+16788;+01700;+02391;+00052;+00090;+00089;
+00196;+16808;+01680;+02392;+00086;+00098;+00079;
+00148;+16788;+01492;+02393;+00139;+00097;+00070;
+00104;+16784;+01044;+02392;+00196;+00092;+00061;
+00120;+16804;+01060;+02392;+00236;+00085;+00057;
+00160;+16856;+00916;+02394;+00247;+00077;+00053;
+00096;+16736;+00840;+02392;+00233;+00074;+00052;
+00040;+16720;+00700;+02392;+00186;+00074;+00050;
+00020;+16768;+00784;+02393;+00117;+00076;+00051;
-00028;+16756;+00788;+02393;+00032;+00080;+00056;
+00116;+16784;+00788;+02392;-00065;+00078;+00066;
-00040;+16796;+00868;+02394;-00162;+00074;+00073;
-00180;+16728;+01200;+02393;-00274;+00073;+00085;
+00156;+16792;+01640;+02393;-00369;+00066;+00106;
+00328;+16768;+01976;+02393;-00423;+00059;+00125;
+00340;+16776;+03896;+02394;-00402;+00008;+00125;
+00676;+16732;+03784;+02393;-00275;-00022;+00123;
+00272;+16768;+03104;+02392;-00042;-00015;+00107;
+00016;+16748;+02528;+02393;+00250;+00015;+00082;
-00024;+16772;+01784;+02392;+00538;+00024;+00062;
+00024;+16788;+01192;+02393;+00779;+00035;+00059;
-00056;+16732;+01236;+02393;+00952;+00035;+00063;
+00004;+16804;+00812;+02392;+01084;+00038;+00073;
-00016;+16776;-00048;+02392;+01149;+00053;+00088;
-00584;+16776;-00308;+02391;+01125;+00097;+00110;
+00432;+16880;-00340;+02391;+01020;+00180;+00164;
+00204;+16644;-00284;+02392;+00852;+00320;+00216;
-00144;+16720;+00444;+02391;+00644;+00375;+00245;
-00168;+16820;+01472;+02389;+00430;+00338;+00275;
-00292;+16732;+02288;+02392;+00271;+00303;+00322;
-00232;+16800;+02672;+02391;+00203;+00315;+00388;
-00308;+16772;+02844;+02392;+00238;+00383;+00465;
-00260;+16768;+02560;+02392;+00360;+00492;+00546;
-00276;+16828;+01960;+02391;+00535;+00635;+00640;
-00288;+16856;+01468;+02390;+00727;+00760;+00743;
-00208;+16796;+01284;+02390;+00904;+00847;+00850;
-00652;+16832;+01140;+02391;+01057;+00907;+00965;
-00864;+16916;+01328;+02390;+01180;+00946;+01098;
-00888;+16904;+01488;+02389;+01286;+00980;+01262;
-00784;+16956;+01468;+02389;+01382;+01045;+01457;
-00448;+16812;+01200;+02388;+01475;+01152;+01670;
-00036;+16880;+00924;+02389;+01582;+01289;+01883;
+00408;+16628;+00580;+02389;+01685;+01471;+02077;
+01060;+16804;+00880;+02389;+01776;+01716;+02236;
+01392;+16600;+00748;+02389;+01876;+02088;+02339;
+01700;+16788;+00512;+02388;+01993;+02574;+02381;
+01548;+16556;-00504;+02389;+02101;+03097;+02360;
+01556;+16904;-00832;+02389;+02143;+03561;+02301;
+00868;+16716;-01720;+02389;+02111;+03955;+02221;
+00732;+16920;-02260;+02389;+01973;+04229;+02154;
+00572;+16784;-02040;+02389;+01729;+04329;+02111;
+00944;+16792;-01700;+02389;+01411;+04261;+02078;
+01452;+16600;-00828;+02389;+01025;+04092;+02049;
+01988;+16616;-00488;+02389;+00602;+03878;+02009;
+02404;+16580;-00404;+02389;+00181;+03674;+01945;
+02580;+16548;-00312;+02388;-00222;+03512;+01840;
+01892;+16604;+00064;+02387;-00587;+03418;+01701;
+01352;+16724;+00448;+02388;-00888;+03409;+01554;
+00948;+16744;+01168;+02389;-01093;+03543;+01435;
+00576;+16700;+02288;+02389;-01164;+03845;+01357;

+00800;+16784;+02340;+02388;-01087;+04321;+01325;
+01060;+16756;+01476;+02388;-00903;+04958;+01327;
+01208;+16668;+00424;+02387;-00679;+05650;+01340;
+01268;+16812;-00032;+02388;-00475;+06281;+01350;
+01300;+16780;-00340;+02392;-00342;+06772;+01354;
+01348;+16780;+00004;+02392;-00304;+07086;+01360;
+01608;+16716;+00592;+02390;-00338;+07235;+01373;
+01684;+16788;+01244;+02389;-00433;+07269;+01386;
+01248;+16720;+01676;+02390;-00555;+07236;+01397;
+00800;+16792;+01716;+02389;-00633;+07234;+01419;
+00236;+16876;+01888;+02390;-00619;+07326;+01462;
+00328;+16864;+02300;+02389;-00491;+07525;+01547;
+01020;+16768;+02608;+02389;-00276;+07854;+01684;
+01632;+16680;+02492;+02390;-00005;+08309;+01841;
+01920;+16424;+02856;+02389;+00312;+08889;+01984;
+02156;+16532;+02360;+02388;+00652;+09586;+02094;
+02452;+16492;+01004;+02387;+01022;+10355;+02160;
+02904;+16568;+00428;+02387;+01348;+11143;+02178;
+03212;+16420;+00616;+02388;+01589;+11860;+02138;
+03368;+16432;+00872;+02389;+01758;+12444;+02043;
+03244;+16252;+00648;+02390;+01878;+12915;+01911;
+03184;+16296;+01440;+02391;+01970;+13317;+01742;
+02964;+16408;+01824;+02392;+02064;+13701;+01544;
+03152;+16512;+01524;+02392;+02180;+14158;+01327;
+03116;+16488;+00780;+02393;+02288;+14679;+01090;
+02600;+16560;+00044;+02390;+02350;+15139;+00843;
+02268;+16692;+00048;+02391;+02352;+15434;+00609;
+02168;+16596;+00508;+02391;+02291;+15517;+00430;
+02212;+16560;+00936;+02392;+02162;+15419;+00302;
+02104;+16684;+01400;+02391;+02001;+15185;+00203;
+01728;+16664;+01396;+02390;+01849;+14824;+00111;
+01556;+16800;+01304;+02391;+01731;+14425;+00044;
+01440;+16712;+00276;+02389;+01613;+14062;+00025;
+01696;+16584;-00020;+02390;+01484;+13683;+00041;
+01888;+16716;+00560;+02389;+01336;+13272;+00070;
+02108;+16736;+01752;+02388;+01182;+12863;+00100;
+02176;+16652;+01980;+02388;+01071;+12543;+00123;
+02072;+16648;+01884;+02389;+01013;+12327;+00146;
+01372;+16856;+01628;+02389;+01017;+12180;+00169;
+00684;+16928;+01192;+02387;+01050;+12075;+00215;
+00588;+16992;+01032;+02388;+01084;+12003;+00320;
+00528;+16920;+00556;+02387;+01100;+11952;+00484;
+01056;+16880;+00744;+02388;+01106;+11867;+00691;
+01924;+16640;+01428;+02388;+01109;+11779;+00909;
+02948;+16508;+02004;+02389;+01126;+11734;+01095;
+03628;+16340;+02068;+02389;+01174;+11761;+01211;
+03840;+16232;+02052;+02388;+01257;+11806;+01229;
+03692;+16376;+01592;+02389;+01337;+11822;+01151;
+03192;+16324;+00884;+02388;+01379;+11784;+01002;
+02988;+16516;+00708;+02389;+01382;+11684;+00825;
+03056;+16532;+00928;+02388;+01358;+11559;+00643;
+03028;+16512;+01492;+02388;+01339;+11419;+00471;
+02444;+16576;+01968;+02389;+01325;+11300;+00303;
+03460;+16432;+01644;+02389;+01360;+11277;+00150;
+03316;+16468;+01604;+02389;+01427;+11319;-00010;
+02600;+16564;-00440;+02390;+01547;+11430;-00198;
+02440;+16564;-00516;+02391;+01592;+11508;-00380;
+02448;+16560;-00752;+02393;+01532;+11540;-00531;
+02216;+16612;-00968;+02393;+01362;+11504;-00658;
+02444;+16552;-00548;+02392;+01073;+11353;-00763;
+02920;+16436;+00208;+02391;+00688;+11074;-00862;
+03388;+16348;+00400;+02391;+00255;+10661;-00983;
+03216;+16312;+00432;+02391;-00189;+10100;-01155;
+03140;+16344;+01236;+02390;-00637;+09397;-01372;
+03264;+16372;+01436;+02388;-01069;+08632;-01612;
+02976;+16260;+01288;+02387;-01460;+07849;-01867;
+02608;+16476;+01728;+02387;-01796;+07030;-02137;
+01512;+16548;+02444;+02388;-02087;+06246;-02399;
+01080;+16720;+02808;+02390;-02294;+05574;-02611;
+00656;+16764;+03080;+02390;-02406;+05054;-02752;
+00312;+16888;+02764;+02390;-02426;+04726;-02809;
+00196;+16852;+02320;+02389;-02391;+04537;-02783;
+00060;+16884;+02384;+02388;-02343;+04438;-02682;
-00220;+16828;+02752;+02388;-02297;+04409;-02520;
+00032;+17044;+02224;+02388;-02226;+04443;-02314;
-00168;+16860;+02460;+02387;-02133;+04493;-02077;
+00588;+16856;+02584;+02388;-02023;+04568;-01815;
+01328;+16668;+03032;+02389;-01910;+04642;-01557;
+01360;+16680;+03764;+02388;-01794;+04690;-01354;
+01112;+16520;+03364;+02387;-01666;+04758;-01214;
+00604;+16772;+02632;+02386;-01541;+04861;-01119;
+00364;+16828;+02012;+02385;-01433;+04926;-01031;
+00708;+16680;+02040;+02386;-01378;+04959;-00923;
+00852;+16652;+02964;+02386;-01333;+04964;-00806;
+00864;+16692;+03440;+02385;-01274;+05027;-00703;
+00620;+16716;+03604;+02385;-01193;+05210;-00613;
+00616;+16840;+03528;+02384;-01075;+05487;-00525;
+00420;+16928;+02924;+02382;-00934;+05811;-00434;
+00192;+16736;+03304;+02383;-00786;+06113;-00323;
+00644;+16636;+03532;+02385;-00610;+06365;-00185;
+01688;+16616;+03032;+02386;-00393;+06544;-00049;
+01768;+16664;+02344;+02387;-00244;+06509;+00019;
+00744;+16760;+02420;+02386;-00210;+06169;+00010;
+00236;+16864;+02884;+02385;-00252;+05656;-00016;
+00148;+16620;+03400;+02386;-00314;+05154;-00001;
+00312;+16740;+04052;+02388;-00325;+04742;+00059;
+00452;+16636;+04516;+02388;-00228;+04547;+00148;
+01104;+16672;+03416;+02387;-00019;+04607;+00246;
+01604;+16676;+02328;+02386;+00210;+04757;+00317;
+01568;+16752;+02060;+02387;+00363;+04796;+00338;
+01032;+16576;+02532;+02387;+00419;+04693;+00317;
+00864;+16596;+01972;+02388;+00422;+04537;+00291;
+00568;+16772;+02132;+02387;+00373;+04319;+00261;
+00400;+16756;+03244;+02385;+00280;+04049;+00243;
+00084;+16624;+03696;+02386;+00173;+03846;+00260;
+00060;+16764;+03592;+02387;+00133;+03810;+00327;
+00592;+16724;+02892;+02386;+00159;+03922;+00431;
+01068;+16632;+02548;+02386;+00186;+04001;+00540;
+01124;+16588;+02860;+02387;+00197;+03977;+00622;
+01052;+16696;+02924;+02388;+00225;+03944;+00669;
+00652;+16748;+03020;+02387;+00280;+04002;+00699;
+00156;+16784;+04688;+02385;+00357;+04146;+00740;
+00692;+16700;+04140;+02384;+00540;+04545;+00826;
+01368;+16552;+03816;+02384;+00835;+05139;+00941;
+01264;+16492;+03948;+02384;+01162;+05637;+01021;
+01820;+16556;+01524;+02385;+01507;+06075;+01066;
+00864;+16644;+02112;+02384;+01764;+06282;+01060;
-00020;+17000;+04676;+02383;+01885;+06247;+01038;
+00356;+16640;+05024;+02383;+02054;+06393;+01073;
+00968;+16676;+05516;+02383;+02371;+06916;+01163;
+02880;+16224;+04140;+02386;+02848;+07863;+01260;
+03288;+16440;+02376;+02386;+03352;+08773;+01276;
+02668;+16388;+00096;+02385;+03737;+09357;+01175;
+01628;+16524;-01040;+02386;+03861;+09428;+01011;
+01096;+16704;-00800;+02386;+03671;+09034;+00840;
+01148;+16620;-00708;+02385;+03239;+08307;+00694;
+01652;+16636;-00368;+02385;+02675;+07413;+00566;
+01676;+16760;-00060;+02387;+02051;+06412;+00428;
+01708;+16468;+01368;+02388;+01430;+05306;+00278;
+01788;+16668;+01896;+02387;+00885;+04236;+00124;
+01700;+16596;+02148;+02387;+00436;+03251;-00036;
+01472;+16540;+02548;+02386;+00049;+02376;-00201;
+01304;+16564;+02992;+02388;-00226;+01706;-00353;
+01336;+16720;+02960;+02389;-00352;+01351;-00486;
+01416;+16720;+02304;+02389;-00358;+01262;-00595;
+00748;+16872;+02080;+02387;-00337;+01278;-00706;
-00200;+16916;+01720;+02387;-00327;+01394;-00798;
-00224;+16984;+01368;+02386;-00341;+01639;-00822;
+00064;+16936;+01404;+02385;-00405;+01949;-00769;
+00040;+16632;+02432;+02383;-00503;+02215;-00665;
+00884;+16944;+02536;+02383;-00575;+02496;-00531;
+00812;+16752;+02536;+02383;-00582;+02814;-00402;
+00412;+16472;+03148;+02383;-00539;+03116;-00293;
+00424;+16996;+03588;+02384;-00442;+03449;-00202;
+00772;+16792;+02700;+02385;-00347;+03794;-00113;
+00616;+16516;+01972;+02385;-00230;+04003;-00043;
+00888;+16792;+01504;+02382;-00135;+04061;+00002;
+01000;+16640;+01872;+02383;-00098;+03925;+00033;
+01128;+16788;+02256;+02384;-00119;+03597;+00049;
+01292;+16560;+02336;+02384;-00179;+03130;+00042;
+01392;+16764;+02472;+02383;-00265;+02547;-00005;
+01228;+16648;+04396;+02383;-00342;+01841;-00090;
+01240;+16632;+05044;+02383;-00302;+01219;-00181;
+01360;+16620;+04624;+02384;-00099;+00879;-00260;
+01280;+16624;+03920;+02385;+00205;+00737;-00346;
+01152;+16684;+03328;+02386;+00535;+00653;-00441;
+00820;+16772;+02656;+02385;+00833;+00566;-00541;
+00528;+16760;+02088;+02384;+01068;+00462;-00631;
+00284;+16800;+01756;+02386;+01228;+00350;-00694;
+00140;+16736;+01384;+02386;+01321;+00260;-00722;
+00216;+16748;+01300;+02385;+01348;+00211;-00713;
+00144;+16796;+00872;+02385;+01301;+00180;-00677;
-00208;+16816;+00364;+02387;+01174;+00165;-00626;
-00192;+16828;+00320;+02388;+00963;+00152;-00549;
+00036;+16744;+00920;+02388;+00686;+00109;-00446;
+00332;+16760;+01988;+02386;+00388;+00019;-00336;
+00572;+16728;+02508;+02387;+00135;-00055;-00231;
+00712;+16708;+02536;+02386;-00034;-00091;-00153;
+00772;+16708;+02564;+02385;-00131;-00107;-00111;
+00940;+16724;+02668;+02385;-00175;-00120;-00092;
+00968;+16724;+02920;+02385;-00181;-00145;-00093;
+00756;+16708;+03104;+02385;-00157;-00186;-00111;
+00628;+16736;+03012;+02384;-00091;-00211;-00138;
+00700;+16812;+02636;+02385;+00005;-00208;-00172;
+00680;+16756;+02508;+02386;+00109;-00218;-00207;
+00736;+16712;+02108;+02386;+00196;-00257;-00240;
+00608;+16716;+02072;+02387;+00241;-00346;-00274;
+00444;+16684;+02248;+02386;+00256;-00454;-00307;
+00260;+16732;+02364;+02385;+00269;-00521;-00321;
+00240;+16716;+02416;+02385;+00295;-00531;-00316;
+00340;+16808;+02468;+02386;+00330;-00499;-00296;
+00376;+16700;+02552;+02387;+00369;-00436;-00276;
+00388;+16792;+02292;+02387;+00407;-00340;-00250;
+00360;+16776;+02000;+02388;+00443;-00243;-00223;
+00340;+16820;+01792;+02387;+00465;-00171;-00200;
+00252;+16712;+01416;+02387;+00459;-00122;-00172;
+00404;+16728;+01560;+02388;+00426;-00090;-00136;
+00580;+16768;+01792;+02386;+00362;-00081;-00100;
+00624;+16720;+02076;+02385;+00285;-00083;-00069;
+00636;+16796;+02360;+02385;+00207;-00086;-00042;
+00604;+16764;+02520;+02385;+00150;-00066;-00038;
+00520;+16756;+02232;+02387;+00129;-00028;-00049;
+00572;+16720;+02128;+02388;+00141;-00004;-00067;
+00564;+16744;+02472;+02387;+00167;-00008;-00084;
+00772;+16732;+02756;+02388;+00198;-00020;-00100;
+00712;+16720;+02540;+02387;+00244;-00018;-00123;
+00404;+16748;+02084;+02386;+00295;+00002;-00153;
+00204;+16772;+01816;+02385;+00331;+00023;-00180;
+00152;+16748;+01592;+02386;+00337;+00034;-00186;
+00268;+16784;+01784;+02386;+00318;+00037;-00171;
+00336;+16752;+02124;+02388;+00285;+00029;-00152;
+00488;+16772;+02284;+02388;+00249;+00033;-00133;
+00656;+16752;+02748;+02387;+00219;+00049;-00114;
+00648;+16732;+02544;+02386;+00217;+00059;-00101;
+00340;+16756;+02108;+02386;+00235;+00088;-00105;
+00172;+16712;+01896;+02385;+00256;+00110;-00108;
+00344;+16812;+02128;+02385;+00262;+00118;-00103;
+00388;+16680;+02108;+02384;+00264;+00125;-00093;
+00460;+16752;+02352;+02383;+00276;+00132;-00082;
+00468;+16784;+02384;+02384;+00303;+00126;-00072;
+00472;+16812;+02460;+02386;+00340;+00122;-00066;
+00372;+16704;+01888;+02387;+00385;+00131;-00065;
+00284;+16716;+01720;+02386;+00422;+00139;-00063;
+00336;+16792;+02024;+02386;+00433;+00136;-00058;
+00388;+16732;+02464;+02387;+00431;+00131;-00043;
+00360;+16748;+02248;+02387;+00439;+00143;-00036;
+00356;+16680;+02172;+02387;+00474;+00149;-00031;
+00404;+16680;+02012;+02386;+00518;+00139;-00018;
+00384;+16764;+01852;+02385;+00555;+00117;-00005;
+00408;+16792;+01996;+02386;+00578;+00094;+00004;
+00416;+16772;+01512;+02387;+00588;+00084;+00010;
+00396;+16796;+01540;+02387;+00570;+00075;+00014;
+00496;+16740;+01600;+02387;+00530;+00069;+00016;
+00284;+16768;+01872;+02386;+00472;+00069;+00020;
+00304;+16740;+01756;+02387;+00419;+00076;+00027;
+00364;+16792;+01868;+02387;+00368;+00081;+00034;
+00428;+16776;+01968;+02387;+00325;+00081;+00039;
+00564;+16732;+02272;+02389;+00297;+00072;+00043;
+00388;+16764;+02332;+02389;+00290;+00062;+00042;
+00264;+16776;+02116;+02388;+00306;+00059;+00041;
+00300;+16740;+01752;+02389;+00337;+00058;+00041;
+00008;+16692;+01548;+02390;+00349;+00069;+00047;
+00548;+16832;+02244;+02391;+00352;+00047;+00065;
+00496;+16772;+02288;+02391;+00347;+00050;+00078;
+00536;+16732;+02252;+02388;+00358;+00060;+00076;
+00544;+16732;+01960;+02386;+00377;+00070;+00071;
+00364;+16784;+01948;+02386;+00405;+00065;+00065;
+00212;+16772;+01680;+02386;+00434;+00061;+00058;
+00392;+16744;+01480;+02385;+00450;+00054;+00057;
+00388;+16756;+01428;+02385;+00440;+00057;+00059;
+00416;+16808;+01716;+02387;+00397;+00067;+00060;
+00580;+16840;+02036;+02386;+00336;+00077;+00063;
+00480;+16784;+02072;+02385;+00282;+00100;+00057;
+00424;+16692;+01944;+02387;+00261;+00114;+00047;
+00372;+16788;+01856;+02389;+00260;+00123;+00039;
+00380;+16712;+01664;+02390;+00266;+00119;+00036;
+00240;+16816;+01696;+02388;+00260;+00107;+00038;
+00296;+16708;+01820;+02388;+00241;+00103;+00040;
+00332;+16716;+02008;+02387;+00226;+00100;+00041;
+00464;+16792;+02048;+02389;+00220;+00103;+00045;
+00380;+16720;+02024;+02389;+00236;+00101;+00045;
+00392;+16728;+02260;+02387;+00261;+00096;+00044;
+00424;+16776;+02304;+02387;+00301;+00082;+00044;
+00324;+16796;+02208;+02388;+00364;+00066;+00039;
+00376;+16852;+02020;+02386;+00433;+00050;+00035;
+00296;+16776;+02000;+02386;+00495;+00041;+00031;
+00136;+16648;+02172;+02385;+00561;+00034;+00027;
+00480;+16816;+02224;+02385;+00619;+00026;+00033;
+00620;+16772;+02192;+02385;+00680;+00018;+00038;
+00324;+16716;+01896;+02386;+00752;+00022;+00035;
+00296;+16728;+01348;+02386;+00817;+00015;+00034;
+00188;+16788;+00976;+02384;+00861;+00002;+00032;
+00180;+16756;+00516;+02384;+00857;-00002;+00035;
+00388;+16744;+00404;+02385;+00794;+00007;+00045;
+00532;+16796;+00800;+02386;+00678;+00010;+00057;
+00436;+16804;+00720;+02385;+00503;+00034;+00062;
+00284;+16720;+00724;+02388;+00304;+00061;+00057;
+00308;+16788;+00908;+02390;+00104;+00079;+00057;
+00612;+16776;+00664;+02389;-00095;+00087;+00064;
+00280;+16788;+01004;+02388;-00287;+00084;+00064;
+00420;+16812;+01040;+02388;-00481;+00082;+00067;
+00448;+16824;+01400;+02388;-00668;+00087;+00065;
+00340;+16712;+02092;+02388;-00846;+00101;+00061;
+00372;+16780;+02640;+02389;-00981;+00110;+00056;
+00252;+16728;+03248;+02390;-01045;+00119;+00056;
+00204;+16732;+03476;+02390;-01011;+00118;+00051;
+00524;+16684;+03640;+02390;-00884;+00109;+00056;
+00420;+16652;+03452;+02390;-00681;+00100;+00059;
+00312;+16728;+03236;+02390;-00427;+00085;+00056;
+00256;+16736;+02836;+02392;-00155;+00075;+00052;
+00348;+16760;+02676;+02392;+00107;+00072;+00050;
+00408;+16684;+02352;+02391;+00346;+00075;+00053;
+00560;+16756;+02240;+02390;+00556;+00073;+00056;
+00524;+16768;+02044;+02389;+00729;+00073;+00050;
+00400;+16828;+01708;+02386;+00880;+00068;+00044;
+00496;+16716;+01328;+02386;+00989;+00067;+00036;
+00428;+16796;+01024;+02387;+01046;+00067;+00030;
+00452;+16708;+00960;+02386;+01053;+00066;+00023;
+00248;+16792;+00732;+02384;+01017;+00063;+00017;
+00280;+16708;+00704;+02385;+00927;+00064;+00014;
+00296;+16756;+00828;+02385;+00799;+00071;+00013;
+00316;+16752;+00928;+02385;+00646;+00077;+00020;
+00364;+16728;+01188;+02386;+00488;+00082;+00027;
+00376;+16760;+01068;+02387;+00341;+00081;+00032;
+00408;+16736;+01260;+02388;+00198;+00083;+00038;
+00424;+16708;+01500;+02387;+00062;+00083;+00039;
+00344;+16720;+01532;+02386;-00055;+00083;+00039;
+00336;+16720;+01724;+02387;-00143;+00083;+00041;
+00412;+16728;+01432;+02386;-00211;+00078;+00046;
+00324;+16760;+01040;+02385;-00274;+00073;+00048;
+00404;+16712;+01112;+02385;-00348;+00068;+00051;
+00248;+16820;+01184;+02385;-00451;+00068;+00053;
+00184;+16700;+01568;+02386;-00579;+00071;+00054;
+00384;+16720;+02024;+02387;-00707;+00082;+00060;
+00404;+16672;+02492;+02388;-00801;+00093;+00063;
+00420;+16720;+02772;+02389;-00831;+00100;+00064;
+00408;+16816;+02712;+02388;-00791;+00096;+00062;
+00188;+16716;+02620;+02388;-00701;+00093;+00059;
+00392;+16712;+02248;+02387;-00570;+00082;+00063;
+00668;+16736;+01732;+02385;-00444;+00071;+00066;
+00480;+16796;+01484;+02385;-00355;+00060;+00067;
+00312;+16740;+01440;+02386;-00323;+00056;+00060;
+00200;+16728;+01640;+02387;-00338;+00058;+00054;
+00220;+16764;+01880;+02389;-00374;+00067;+00052;
+00404;+16776;+02112;+02391;-00409;+00077;+00054;
+00516;+16776;+02224;+02390;-00428;+00083;+00058;
+00532;+16816;+02352;+02390;-00423;+00088;+00057;
+00424;+16744;+02288;+02391;-00401;+00088;+00052;
+00360;+16712;+02324;+02389;-00357;+00084;+00046;
+00476;+16760;+02192;+02389;-00305;+00084;+00042;
+00340;+16800;+02112;+02388;-00259;+00076;+00034;
+00352;+16792;+02092;+02388;-00207;+00073;+00025;
+00400;+16736;+01960;+02388;-00168;+00073;+00020;
+00360;+16768;+01880;+02387;-00144;+00074;+00015;
+00280;+16724;+01676;+02386;-00133;+00070;+00014;
+00308;+16780;+01360;+02386;-00140;+00071;+00015;
+00076;+16768;+01632;+02386;-00182;+00068;+00020;
+00096;+16804;+01740;+02387;-00235;+00070;+00030;
+00352;+16740;+01700;+02386;-00301;+00077;+00046;
+00508;+16700;+01864;+02387;-00375;+00090;+00062;
+00648;+16792;+01700;+02389;-00454;+00094;+00073;
+00676;+16784;+02028;+02389;-00541;+00096;+00078;
+00312;+16748;+01956;+02388;-00621;+00098;+00068;
+00140;+16604;+02380;+02386;-00690;+00092;+00061;
+00452;+16724;+02084;+02385;-00719;+00079;+00064;
+00528;+16756;+02324;+02385;-00740;+00065;+00065;
+00388;+16732;+02276;+02385;-00739;+00058;+00063;
+00156;+16772;+02144;+02384;-00744;+00055;+00053;
+00164;+16688;+02480;+02385;-00753;+00062;+00048;
+00440;+16676;+02768;+02386;-00773;+00067;+00050;
+00508;+16728;+03436;+02387;-00778;+00060;+00050;
+00424;+16644;+03836;+02387;-00726;+00047;+00042;
+00216;+16708;+04308;+02386;-00600;+00037;+00041;
+00356;+16624;+04412;+02385;-00385;+00044;+00042;
+00528;+16700;+04056;+02385;-00084;+00056;+00044;
+00564;+16712;+03648;+02385;+00260;+00067;+00040;
+00472;+16732;+02912;+02386;+00607;+00082;+00032;
+00036;+16728;+02332;+02385;+00923;+00096;+00019;
+00092;+16628;+00372;+02385;+01188;+00123;+00009;
+00368;+16860;+01324;+02386;+01319;+00119;+00009;
+00704;+16588;+00804;+02387;+01363;+00120;+00021;
+00604;+16788;+00340;+02388;+01297;+00105;+00024;
+00344;+16812;+00724;+02389;+01128;+00073;+00016;
+00312;+16756;+00980;+02391;+00918;+00046;+00012;
+00308;+16872;+01504;+02390;+00690;+00025;+00008;
+00368;+16760;+01768;+02389;+00476;+00008;+00002;
+00248;+16684;+01600;+02388;+00288;-00004;+00005;
-00020;+16972;+00100;+02387;+00138;+00012;+00009;
+00504;+16988;+01860;+02386;+00018;+00036;+00017;
+00560;+16476;+01892;+02385;-00094;+00112;+00028;
+00820;+16968;-00572;+02386;-00278;+00139;+00012;
-00204;+16664;+02820;+02386;-00475;+00152;-00018;
-00196;+16568;+02764;+02384;-00662;+00127;-00028;
+00412;+16700;+03824;+02384;-00769;+00073;-00013;
+00268;+16764;+04516;+02385;-00759;+00043;+00007;
+00296;+16728;+04244;+02387;-00621;+00008;+00026;
+00392;+16736;+04304;+02387;-00347;-00029;+00059;
-00176;+16624;+03912;+02387;-00026;-00001;+00078;
-00072;+16692;+02976;+02387;+00335;+00038;+00086;
+00504;+16716;+02388;+02389;+00653;+00091;+00104;
+01320;+16772;+02044;+02389;+00898;+00121;+00125;
+00968;+16772;+02348;+02388;+01069;+00112;+00113;
+00204;+16660;+02720;+02388;+01190;+00087;+00072;
-00140;+16688;+02788;+02387;+01328;+00046;+00039;
+00056;+16724;+02032;+02387;+01492;+00026;+00029;
+00596;+16824;+01036;+02387;+01630;+00038;+00032;
+00748;+16760;+00300;+02387;+01709;+00041;+00035;
+00768;+16872;-00668;+02387;+01695;+00055;+00026;
+00288;+16820;-01272;+02388;+01545;+00071;+00003;
-00108;+16748;-00892;+02387;+01247;+00067;-00028;
-00056;+16748;-00940;+02388;+00851;+00045;-00035;
+00424;+16756;-00084;+02388;+00359;+00014;-00021;
+00368;+16788;+01240;+02387;-00154;-00030;-00004;
+00208;+16764;+01904;+02388;-00610;-00071;-00003;
-00024;+16596;+02984;+02389;-00939;-00104;-00004;
-00168;+16580;+03160;+02390;-01120;-00077;+00001;
+00384;+16784;+02708;+02389;-01180;-00001;+00029;
+00808;+16780;+02648;+02389;-01169;+00033;+00066;
+00528;+16752;+02172;+02389;-01089;+00017;+00078;
+00276;+16712;+02636;+02388;-01046;+00007;+00073;
+00236;+16672;+02816;+02387;-00991;-00018;+00062;
+00476;+16748;+03136;+02388;-00919;-00026;+00060;
+00436;+16740;+03488;+02388;-00806;-00035;+00053;
+00296;+16672;+03732;+02386;-00655;-00027;+00040;
+00328;+16720;+03920;+02385;-00443;-00016;+00035;
+00272;+16772;+03092;+02386;-00175;+00009;+00034;
+00448;+16720;+02392;+02386;+00111;+00042;+00039;
+00492;+16780;+01868;+02387;+00355;+00060;+00041;
+00384;+16768;+01916;+02387;+00514;+00069;+00035;
+00304;+16756;+01492;+02386;+00599;+00071;+00028;
+00144;+16760;+01644;+02386;+00629;+00077;+00018;
+00108;+16732;+01844;+02387;+00625;+00082;+00016;
+00396;+16808;+01832;+02389;+00603;+00081;+00022;
+00484;+16808;+01952;+02388;+00579;+00080;+00030;
+00284;+16800;+01292;+02387;+00564;+00091;+00028;
+00268;+16724;+01124;+02386;+00525;+00099;+00029;
+00284;+16756;+00752;+02386;+00442;+00103;+00031;
+00256;+16736;+00544;+02386;+00301;+00105;+00031;
+00212;+16760;+01104;+02386;+00095;+00092;+00030;
+00112;+16792;+01368;+02385;-00124;+00075;+00029;
+00200;+16764;+01928;+02384;-00329;+00052;+00035;
+00248;+16772;+02288;+02386;-00500;+00033;+00041;
+00328;+16696;+02496;+02386;-00626;+00033;+00044;
+00420;+16684;+02976;+02388;-00701;+00026;+00043;
+00232;+16720;+03280;+02387;-00706;+00011;+00043;
+00216;+16708;+03300;+02388;-00652;+00002;+00044;
+00276;+16688;+03132;+02386;-00538;+00013;+00049;
+00300;+16728;+02780;+02385;-00390;+00040;+00056;
+00400;+16776;+02480;+02385;-00231;+00059;+00061;
+00568;+16732;+02176;+02384;-00091;+00076;+00063;
+00452;+16800;+02608;+02385;-00001;+00086;+00057;
+00292;+16748;+02772;+02384;+00066;+00083;+00041;
+00176;+16644;+03044;+02385;+00141;+00078;+00030;
+00116;+16728;+03120;+02386;+00247;+00068;+00029;
+00236;+16768;+02764;+02387;+00386;+00068;+00032;
+00316;+16708;+02428;+02388;+00538;+00070;+00041;
+00356;+16712;+02268;+02387;+00681;+00077;+00052;
+00344;+16752;+02048;+02386;+00794;+00087;+00057;
+00316;+16796;+01920;+02385;+00880;+00102;+00059;
+00384;+16716;+01408;+02384;+00937;+00116;+00059;
+00508;+16824;+01136;+02384;+00948;+00118;+00058;
+00476;+16724;+01380;+02384;+00897;+00103;+00055;
+00264;+16760;+01728;+02385;+00817;+00083;+00048;
+00020;+16792;+01780;+02387;+00726;+00071;+00036;
+00180;+16764;+01772;+02386;+00634;+00069;+00031;
+00308;+16728;+01808;+02385;+00559;+00074;+00036;
+00276;+16796;+01620;+02385;+00502;+00089;+00046;
+00144;+16784;+01168;+02384;+00458;+00102;+00054;
+00652;+16812;+00164;+02383;+00382;+00112;+00072;
+00168;+16828;+00012;+02383;+00236;+00098;+00084;
+00092;+16792;+00380;+02383;+00029;+00100;+00091;
+00436;+16792;+00348;+02384;-00262;+00070;+00102;
+00532;+16776;+01248;+02384;-00578;+00049;+00109;
+00456;+16784;+01860;+02384;-00883;+00030;+00107;
+00428;+16688;+02456;+02382;-01132;+00008;+00096;
+00360;+16764;+02720;+02382;-01302;-00015;+00084;
+00364;+16684;+02604;+02383;-01384;-00040;+00070;
+00236;+16676;+02472;+02383;-01405;-00062;+00057;
+00328;+16692;+02676;+02384;-01401;-00090;+00047;
+00076;+16732;+02484;+02385;-01382;-00117;+00039;
+00240;+16560;+03444;+02384;-01349;-00158;+00041;
+00220;+16660;+05440;+02384;-01286;-00124;+00052;
+00692;+16932;+05428;+02385;-01111;+00001;+00068;
+00440;+16600;+04828;+02384;-00791;+00026;+00070;
+00136;+16744;+03436;+02384;-00393;-00008;+00067;
+00544;+16744;+02048;+02385;+00009;-00052;+00080;
+00180;+16780;+00520;+02385;+00286;-00120;+00084;
-00444;+16728;-00632;+02385;+00400;-00159;+00075;
-00772;+16744;-02188;+02386;+00338;-00183;+00093;
-00868;+16776;+02024;+02386;+00093;-00281;+00154;
+01528;+16720;+10476;+02384;-00156;-00126;+00252;
+00932;+16620;+06828;+02385;-00102;+00346;+00308;
-00284;+16600;+01804;+02386;+00180;+00107;+00289;
+01292;+16876;-00628;+02385;+00420;-00170;+00320;
+02036;+16828;+01380;+02385;+00547;-00082;+00345;
+00304;+16852;+01776;+02385;+00521;-00015;+00262;
+00104;+16660;+02312;+02383;+00433;-00057;+00153;
+00296;+16760;+02440;+02385;+00370;-00097;+00097;
-00004;+16668;+02732;+02384;+00338;-00139;+00082;
-00812;+16676;+02324;+02387;+00345;-00209;+00084;
-00632;+16796;+02400;+02387;+00375;-00226;+00127;
-00188;+16936;+02552;+02385;+00404;-00226;+00221;
-00364;+16948;+01892;+02385;+00411;-00268;+00351;
-00124;+16860;+01800;+02384;+00403;-00279;+00510;
+00376;+16820;+02000;+02384;+00377;-00226;+00681;
+00540;+16792;+02312;+02385;+00343;-00178;+00851;
-00276;+17300;+02256;+02385;+00309;-00204;+01038;
-01192;+17424;+02460;+02383;+00281;-00275;+01284;
-01308;+17580;+02808;+02383;+00259;-00369;+01661;
-00804;+17596;+02140;+02383;+00248;-00520;+02151;
+00236;+17564;+02028;+02383;+00239;-00735;+02712;
+00928;+17448;+01948;+02382;+00197;-01011;+03292;
+01704;+17424;+01928;+02381;+00106;-01298;+03834;
+01944;+17188;+01976;+02381;-00023;-01532;+04299;
+01852;+16564;+01896;+02381;-00202;-01630;+04661;
+01000;+15664;+01928;+02382;-00414;-01553;+04952;
+00180;+14876;+02128;+02382;-00649;-01344;+05258;
-00008;+15036;+02568;+02385;-00893;-01072;+05671;
+00396;+16176;+02644;+02386;-01126;-00808;+06210;
+01584;+17304;+02568;+02385;-01326;-00551;+06800;
+03224;+18144;+02688;+02386;-01477;-00303;+07335;
+04196;+17960;+02572;+02387;-01561;-00137;+07711;
+04144;+17780;+02564;+02387;-01585;-00115;+07904;
+03596;+17392;+02472;+02387;-01559;-00186;+07973;
+03236;+16620;+02340;+02387;-01498;-00266;+07988;
+02744;+15540;+02240;+02386;-01431;-00291;+07995;
+02552;+14936;+02072;+02386;-01383;-00238;+08048;
+02472;+14848;+02572;+02387;-01345;-00107;+08154;
+02044;+15640;+02896;+02388;-01310;+00010;+08298;
+01952;+16424;+03368;+02386;-01247;+00117;+08508;
+02704;+16480;+03552;+02385;-01164;+00219;+08753;
+03272;+16100;+02892;+02385;-01045;+00350;+08968;
+03836;+15008;+02664;+02385;-00840;+00575;+09095;
+04244;+14008;+02708;+02384;-00525;+00783;+09136;
+04436;+13912;+03016;+02385;-00109;+00834;+09133;
+03916;+14452;+02692;+02386;+00388;+00684;+09130;
+03560;+14784;+03180;+02387;+00916;+00363;+09205;
+04744;+14492;+03340;+02384;+01370;-00063;+09370;
+04984;+14188;+02032;+02384;+01751;-00533;+09581;
+05580;+13808;+02364;+02384;+02035;-00943;+09760;
+05876;+13344;+01892;+02383;+02249;-01232;+09900;
+05968;+13596;+01740;+02383;+02394;-01482;+10024;
+05580;+14532;+02012;+02383;+02495;-01655;+10158;
+06396;+15648;+00992;+02384;+02535;-01785;+10344;
+06528;+15860;+02368;+02383;+02489;-01977;+10571;
+07464;+16336;+01888;+02384;+02316;-02211;+10818;
+08436;+16296;+01220;+02385;+02041;-02305;+11007;
+08992;+15244;+01256;+02386;+01664;-02189;+11034;
+08988;+14196;+00752;+02386;+01253;-01877;+10877;
+08644;+13756;+01212;+02387;+00838;-01482;+10603;
+08152;+14400;+01036;+02387;+00452;-01225;+10320;
+07668;+14928;+01576;+02386;+00094;-01048;+10122;
+07396;+14896;+01948;+02384;-00188;-00896;+10035;
+07676;+14460;+02184;+02384;-00403;-00774;+10028;
+07932;+13772;+02116;+02386;-00575;-00703;+10072;
+08488;+13104;+02056;+02385;-00694;-00786;+10136;
+09232;+12864;+02108;+02383;-00797;-00939;+10221;
+09276;+13144;+01848;+02384;-00846;-01123;+10307;
+08912;+13544;+02496;+02385;-00873;-01220;+10412;
+08228;+13104;+02564;+02383;-00899;-01249;+10583;
+08456;+12944;+02548;+02382;-00908;-01330;+10852;
+08744;+12516;+02616;+02382;-00925;-01437;+11229;
+08780;+12280;+02712;+02383;-00907;-01587;+11689;
+09208;+12272;+03152;+02383;-00836;-01687;+12186;
+09340;+11720;+02812;+02383;-00730;-01746;+12661;
+10292;+11456;+03000;+02384;-00600;-01779;+13072;
+11184;+10720;+02424;+02384;-00446;-01814;+13394;
+11944;+09708;+01880;+02385;-00273;-01909;+13603;
+11856;+09032;+01120;+02385;-00069;-02083;+13733;
+12012;+09420;+01248;+02383;+00174;-02258;+13828;
+12340;+10296;+01676;+02382;+00451;-02381;+13943;
+12756;+10708;+02012;+02383;+00713;-02460;+14087;
+13140;+10580;+01976;+02383;+00898;-02560;+14238;
+13604;+10028;+01800;+02384;+01006;-02652;+14388;
+13684;+09504;+01592;+02384;+01034;-02689;+14500;
+13940;+08692;+01044;+02383;+00984;-02575;+14556;
+14272;+07728;+00888;+02384;+00852;-02303;+14572;
+14804;+07268;+00264;+02384;+00655;-01949;+14573;
+15480;+07440;+00576;+02382;+00458;-01529;+14542;
+15852;+07712;+01284;+02381;+00299;-01105;+14410;
+16036;+07740;+01568;+02381;+00204;-00786;+14126;
+15672;+08068;+02024;+02380;+00214;-00599;+13722;
+14844;+08760;+02188;+02379;+00340;-00559;+13298;
+14104;+08540;+02656;+02380;+00541;-00631;+12958;
+14008;+08108;+02216;+02380;+00712;-00796;+12785;
+13984;+07540;+01660;+02380;+00761;-00945;+12773;
+14420;+07040;+01368;+02381;+00652;-00902;+12840;
+15316;+06560;+01212;+02381;+00403;-00553;+12891;
+16436;+06080;+01012;+02382;+00083;+00040;+12818;
+16720;+06176;+01320;+02383;-00222;+00729;+12553;
+16384;+06280;+01872;+02383;-00420;+01341;+12072;
+16040;+06240;+02048;+02383;-00471;+01714;+11457;
+15524;+05988;+02108;+02383;-00353;+01759;+10814;
+15080;+06100;+01964;+02381;-00101;+01505;+10243;
+14780;+06316;+01844;+02379;+00209;+01111;+09787;
+14464;+06236;+01628;+02378;+00461;+00780;+09452;
+15612;+05520;+01396;+02379;+00598;+00640;+09212;
+16468;+04784;+01016;+02380;+00604;+00678;+09010;
+16496;+04172;+00900;+02380;+00526;+00825;+08776;
+16848;+03940;+00944;+02381;+00405;+01006;+08469;
+16800;+04144;+01440;+02381;+00267;+01102;+08110;
+17032;+04252;+01292;+02382;+00147;+01073;+07720;
+17548;+04204;+01576;+02384;+00076;+00965;+07340;
+16864;+04608;+01400;+02382;+00083;+00788;+06974;
+16348;+04720;+01932;+02382;+00170;+00612;+06648;
+16336;+04332;+02000;+02382;+00313;+00444;+06394;
+16692;+03948;+01940;+02382;+00489;+00243;+06215;
+16308;+03488;+01548;+02381;+00717;+00049;+06079;
+16400;+03632;+02040;+02381;+01004;-00154;+05973;
+15780;+04480;+02540;+02380;+01302;-00421;+05937;
+16556;+04344;+02192;+02381;+01528;-00645;+05967;

+16940;+04260;+02324;+02380;+01626;-00663;+06047;
+17356;+03524;+01924;+02381;+01584;-00446;+06140;
+17384;+02508;+01344;+02381;+01471;-00041;+06206;
+16972;+02016;+01428;+02381;+01386;+00409;+06230;
+16440;+01848;+01512;+02380;+01402;+00697;+06220;
+16304;+01916;+01684;+02379;+01555;+00683;+06201;
+16248;+02124;+01584;+02381;+01839;+00389;+06179;
+16484;+02232;+01656;+02380;+02228;-00053;+06131;
+16672;+02360;+01552;+02380;+02664;-00549;+06036;
+16608;+02864;+01656;+02379;+03080;-01049;+05901;
+17136;+02652;+01404;+02379;+03421;-01492;+05738;
+17680;+02612;+01332;+02379;+03646;-01824;+05575;
+17492;+02836;+01096;+02380;+03717;-02038;+05410;
+17600;+01872;+00568;+02381;+03632;-02093;+05235;
+18288;+00556;+00148;+02382;+03390;-02020;+05088;
+18528;+00008;+00044;+02382;+03018;-01819;+04923;
+17604;+00056;+00012;+02381;+02579;-01479;+04636;
+16408;+00028;+00436;+02381;+02197;-01102;+04222;
+15540;+00284;+00532;+02379;+01962;-00960;+03791;
+15252;+01024;+00988;+02380;+01936;-01173;+03486;
+16068;+01964;+01156;+02380;+02069;-01685;+03360;
+16804;+02140;+01052;+02378;+02254;-02322;+03338;
+17412;+01832;+01004;+02379;+02387;-02819;+03320;
+17172;+01532;+00388;+02378;+02368;-03057;+03258;
+17020;+00804;+00320;+02377;+02098;-03005;+03172;
+16816;+00328;-00024;+02377;+01541;-02700;+03146;
+16768;+00336;-00148;+02378;+00705;-02153;+03202;
+16828;+00552;-00040;+02379;-00314;-01322;+03263;
+16604;+00480;+00400;+02379;-01349;-00285;+03237;
+16680;+00916;+01024;+02379;-02189;+00668;+03105;
+16488;+01120;+01476;+02379;-02654;+01284;+02896;
+16460;+01116;+01940;+02379;-02698;+01426;+02696;
+16612;+01420;+01676;+02379;-02403;+01068;+02579;
+16696;+01420;+01548;+02379;-01916;+00436;+02556;
+16580;+01312;+00840;+02378;-01450;-00163;+02585;
+16396;+00960;+00540;+02378;-01196;-00472;+02628;
+16620;+00332;+00072;+02378;-01218;-00343;+02672;
+16428;-00048;-00016;+02377;-01467;+00134;+02697;
+16252;+00024;+00408;+02377;-01805;+00746;+02701;
+16060;-00012;+00952;+02377;-02092;+01234;+02689;
+15948;+00016;+01060;+02377;-02238;+01459;+02672;
+15488;+00284;+01240;+02378;-02214;+01430;+02674;
+15664;+00304;+01208;+02379;-02061;+01224;+02716;
+15968;+00212;+01100;+02380;-01855;+00955;+02792;
+16432;-00036;+00624;+02380;-01674;+00737;+02863;
+16924;-00228;+00580;+02379;-01522;+00618;+02856;
+16980;-00004;+00792;+02379;-01357;+00530;+02734;
+16896;+00260;+01104;+02378;-01114;+00328;+02520;
+16896;+00196;+00620;+02378;-00810;-00070;+02278;
+16728;-00036;+00480;+02378;-00516;-00528;+02067;
+16768;-00228;+00356;+02380;-00333;-00878;+01912;
+16712;-00332;+00164;+02380;-00327;-00983;+01787;
+16612;-00264;+00020;+02379;-00486;-00821;+01673;
+16884;-00356;+00520;+02379;-00722;-00470;+01553;
+17260;-00196;+00728;+02380;-00950;-00142;+01440;
+17480;+00204;+00976;+02380;-01090;+00013;+01322;
+17228;+00268;+01272;+02380;-01114;+00014;+01166;
+16964;+00136;+01184;+02379;-01077;-00060;+00988;
+16508;-00084;+00816;+02380;-01056;-00079;+00815;
+16144;-00392;+00760;+02380;-01086;+00016;+00676;
+16180;-00696;+00580;+02380;-01203;+00191;+00580;
+16120;-00748;+00596;+02379;-01354;+00418;+00495;
+15984;-00924;+00820;+02379;-01425;+00653;+00373;
+15748;-00760;+01176;+02380;-01302;+00752;+00217;
+15980;-00608;+01340;+02381;-00953;+00526;+00080;
+16308;-00328;+01352;+02381;-00423;-00022;-00014;
+16480;-00124;+01100;+02380;+00145;-00683;-00078;
+16536;-00336;+00968;+02381;+00608;-01155;-00143;
+16464;-00556;+00616;+02380;+00875;-01312;-00216;
+16328;-00708;+00516;+02381;+00950;-01208;-00291;
+16056;-00464;+00652;+02381;+00903;-00991;-00338;
+15692;-00208;+00552;+02379;+00790;-00792;-00339;
+20012;+00420;+00696;+02378;+00654;-00609;-00280;
+20628;-01612;+00508;+02379;+00550;-00469;-00304;
+16196;-00484;+00084;+02380;+00419;-00475;-00525;
+16156;-00792;-00316;+02378;+00161;-00528;-00694;
+16976;-00964;-00028;+02379;-00219;-00348;-00712;
+16500;-00212;+00684;+02379;-00632;+00032;-00648;
+16368;-00012;+01300;+02380;-00974;+00381;-00570;
+16316;-00072;+01128;+02378;-01196;+00552;-00490;
+16128;-00216;+01148;+02377;-01285;+00559;-00400;
+15900;-00160;+01216;+02379;-01247;+00469;-00312;
+16732;-00744;+00744;+02379;-01120;+00332;-00253;
+16324;-00540;+00984;+02379;-00921;+00165;-00246;
+16484;-00524;+00668;+02380;-00683;-00055;-00294;
+16468;-00520;+00688;+02379;-00423;-00266;-00385;
+16424;-00420;+00324;+02378;-00200;-00460;-00506;
+16468;-00400;+00284;+02378;-00025;-00579;-00639;
+16420;-00340;+00472;+02378;+00114;-00613;-00783;
+16552;-00308;+00584;+02378;+00236;-00597;-00934;
+16580;-00224;+00776;+02379;+00361;-00558;-01092;
+16520;-00088;+00888;+02380;+00499;-00544;-01244;
+16500;-00276;+00904;+02380;+00656;-00600;-01377;
+16680;-00400;+00996;+02379;+00823;-00743;-01476;
+16620;-00252;+00476;+02377;+00972;-00947;-01559;
+16636;+00040;+00520;+02378;+01078;-01144;-01654;
+16668;+00076;+00408;+02380;+01138;-01267;-01753;
+16524;+00392;+00220;+02381;+01153;-01316;-01808;
+14168;+01616;-00664;+02380;+01080;-01310;-01666;
+17016;+00400;+00304;+02380;+00878;-01294;-01222;
+16644;+00236;-00576;+02379;+00701;-01294;-00850;
+16304;-00236;-00552;+02379;+00543;-01158;-00619;
+16488;-00260;-00544;+02378;+00372;-00892;-00430;
+16420;+00040;-00056;+02377;+00220;-00577;-00303;
+16208;+00384;+00404;+02378;+00105;-00277;-00223;
+16512;+00420;+00324;+02378;+00039;-00053;-00152;
+16328;+00216;-00068;+02378;+00019;+00142;-00098;
+16468;+00036;+00324;+02378;+00016;+00375;-00053;
+16300;-00036;+00196;+02378;+00011;+00569;-00017;
+16408;-00020;+00364;+02379;+00005;+00690;+00007;
+16360;+00160;+00616;+02378;-00003;+00743;+00027;
+16440;+00176;+00592;+02378;-00003;+00727;+00038;
+16420;+00188;+00460;+02378;+00010;+00673;+00041;
+16384;+00100;+00392;+02377;+00033;+00625;+00040;
+16440;+00032;+00480;+02378;+00053;+00589;+00038;
+16404;+00012;+00548;+02379;+00075;+00523;+00039;
+16364;+00056;+00556;+02380;+00104;+00416;+00036;
+16400;+00124;+00464;+02381;+00138;+00291;+00031;
+16428;+00132;+00368;+02380;+00164;+00196;+00023;
+16440;+00176;+00348;+02379;+00175;+00158;+00019;
+16468;+00168;+00244;+02378;+00175;+00153;+00019;
+16376;+00148;+00396;+02378;+00164;+00169;+00024;
+16416;+00108;+00468;+02380;+00141;+00170;+00028;
+16436;+00120;+00280;+02380;+00116;+00140;+00027;
+16436;+00180;+00464;+02380;+00091;+00129;+00032;
+16364;+00212;+00600;+02380;+00066;+00153;+00036;
+16480;+00096;+00504;+02381;+00064;+00164;+00037;
+15960;+00304;-00336;+02381;+00098;+00142;+00032;
+16676;+00072;+00268;+02381;+00148;+00101;+00022;
+16404;+00056;+00140;+02381;+00160;+00067;+00029;
+16428;+00164;+00480;+02381;+00146;+00068;+00035;
+16540;+00080;+00344;+02380;+00137;+00083;+00040;
+16460;+00092;+00484;+02379;+00123;+00110;+00044;
+16368;+00064;+00256;+02380;+00110;+00137;+00044;
+16392;+00200;+00388;+02383;+00105;+00157;+00043;
+16416;+00124;+00288;+02383;+00102;+00173;+00044;
+16488;+00184;+00132;+02381;+00107;+00194;+00044;
+16288;+00000;+00252;+02383;+00106;+00244;+00046;
+16600;+00048;+00396;+02383;+00095;+00317;+00047;
+16540;+00184;+00448;+02384;+00095;+00382;+00048;
+16368;+00144;+00620;+02384;+00086;+00447;+00052;
+16444;+00160;+00296;+02382;+00092;+00493;+00058;
+16428;+00036;+00296;+02381;+00105;+00529;+00064;
+16416;+00056;+00244;+02382;+00116;+00576;+00066;
+16484;+00148;+00340;+02382;+00119;+00635;+00067;
+16528;+00132;+00444;+02381;+00112;+00703;+00065;
+16420;+00332;+00496;+02382;+00105;+00774;+00064;
+16428;+00328;+00700;+02382;+00096;+00847;+00063;
+16416;+00036;+00840;+02383;+00089;+00890;+00066;
+16448;-00052;+00700;+02382;+00097;+00859;+00068;
+16392;+00028;+00748;+02382;+00103;+00773;+00064;
+16428;+00284;+00888;+02383;+00101;+00666;+00061;
+16436;+00280;+00656;+02382;+00101;+00547;+00060;
+16432;+00164;+00540;+02381;+00111;+00442;+00060;
+16408;-00128;+00460;+02383;+00119;+00375;+00059;
+16436;-00024;+00492;+02384;+00118;+00351;+00055;
+16352;+00192;+00696;+02383;+00104;+00356;+00051;
+16328;+00320;+00812;+02383;+00093;+00344;+00045;
+16420;+00288;+00604;+02382;+00099;+00299;+00046;
+16388;+00212;+00548;+02381;+00111;+00258;+00045;
+16420;-00040;+00716;+02380;+00112;+00243;+00047;
+16372;+00048;+00736;+02382;+00103;+00220;+00053;
+16512;+00196;+00420;+02382;+00108;+00168;+00055;
+16488;+00284;+00432;+02383;+00112;+00157;+00054;
+16416;+00132;+00776;+02383;+00098;+00229;+00056;
+16420;-00032;+00708;+02385;+00096;+00316;+00061;
+16468;-00016;+00612;+02385;+00105;+00375;+00066;
+16520;+00140;+00672;+02382;+00107;+00429;+00064;
+16436;+00280;+00836;+02382;+00099;+00469;+00064;
+16452;+00120;+00632;+02381;+00102;+00462;+00063;
+16428;+00084;+00596;+02382;+00106;+00437;+00062;
+16432;+00120;+00800;+02383;+00092;+00436;+00062;
+16384;+00212;+00980;+02382;+00079;+00434;+00062;
+16416;+00188;+00664;+02383;+00086;+00382;+00058;
+16412;+00200;+00384;+02384;+00108;+00316;+00055;
+16508;+00156;+00532;+02384;+00109;+00311;+00052;
+16420;+00168;+00912;+02384;+00092;+00358;+00050;
+16464;+00196;+00888;+02385;+00083;+00395;+00050;
+16424;+00180;+00944;+02384;+00086;+00379;+00053;
+16428;+00124;+00716;+02383;+00091;+00329;+00053;
+16440;+00112;+00816;+02383;+00092;+00272;+00055;
+16448;+00240;+00888;+02383;+00092;+00206;+00055;
+16428;+00248;+00732;+02384;+00102;+00135;+00053;
+16456;-00028;+00592;+02383;+00118;+00096;+00058;
+16416;-00076;+00596;+02384;+00120;+00094;+00060;
+16428;-00052;+00724;+02384;+00111;+00103;+00062;
+16424;+00256;+00620;+02384;+00106;+00094;+00058;
+16392;+00296;+00772;+02383;+00097;+00092;+00055;
+16436;+00172;+01072;+02383;+00087;+00117;+00057;
+16364;+00132;+00860;+02383;+00090;+00140;+00060;
+16476;+00080;+00484;+02383;+00107;+00140;+00063;
+16408;+00200;+00572;+02384;+00117;+00161;+00062;
+16408;+00128;+00992;+02385;+00116;+00201;+00062;
+16476;+00132;+00844;+02386;+00127;+00222;+00064;
+16468;+00108;+00664;+02386;+00147;+00228;+00063;
+16472;+00072;+00932;+02384;+00145;+00246;+00063;
+16384;+00220;+01012;+02384;+00125;+00250;+00059;
+16428;+00244;+00624;+02383;+00119;+00194;+00058;
+16408;+00132;+00704;+02383;+00121;+00115;+00059;
+16396;+00076;+00748;+02384;+00115;+00080;+00056;
+16368;+00124;+00904;+02384;+00108;+00075;+00055;
+16368;+00176;+00736;+02384;+00116;+00077;+00054;
+16416;+00168;+00820;+02384;+00126;+00095;+00053;
+16472;+00140;+00788;+02385;+00135;+00108;+00054;
+16452;+00116;+00780;+02384;+00142;+00106;+00055;
+16412;+00144;+00840;+02384;+00140;+00104;+00056;
+16440;+00168;+00668;+02385;+00132;+00111;+00056;
+16428;+00080;+00720;+02384;+00123;+00132;+00056;
+16364;+00100;+00856;+02384;+00109;+00158;+00054;
+16388;+00172;+00656;+02385;+00104;+00162;+00052;
+16444;+00196;+00704;+02388;+00101;+00164;+00052;
+16444;+00220;+00912;+02387;+00092;+00191;+00053;
+16372;+00156;+00780;+02387;+00091;+00213;+00053;
+16380;+00068;+00580;+02387;+00104;+00213;+00055;
+16420;+00068;+00700;+02386;+00107;+00226;+00054;
+16456;+00152;+00900;+02386;+00098;+00262;+00056;
+16392;+00172;+00684;+02385;+00100;+00278;+00055;
+16372;+00112;+00672;+02387;+00102;+00272;+00055;
+16496;+00156;+00848;+02387;+00092;+00273;+00054;
+16488;+00188;+01044;+02386;+00076;+00270;+00058;
+16476;+00140;+01112;+02387;+00071;+00230;+00060;
+16436;+00260;+00800;+02385;+00077;+00164;+00057;
+16448;+00168;+00940;+02387;+00082;+00112;+00054;
+16376;+00128;+00936;+02389;+00085;+00076;+00053;
+16416;+00220;+00804;+02389;+00093;+00033;+00055;
+16392;+00156;+00832;+02389;+00102;-00016;+00056;
+16380;+00136;+00900;+02390;+00107;-00047;+00055;
+16468;+00152;+00756;+02389;+00113;-00068;+00054;
+16436;+00256;+00712;+02388;+00117;-00081;+00054;
+16368;+00156;+00820;+02386;+00118;-00090;+00055;
+16484;+00136;+00664;+02386;+00126;-00098;+00059;
+16460;+00112;+00760;+02387;+00131;-00097;+00059;
+16408;+00176;+00692;+02387;+00129;-00080;+00060;
+16452;+00192;+00644;+02387;+00118;-00047;+00059;
+16420;+00112;+00892;+02385;+00105;+00002;+00062;
+16424;+00200;+01064;+02387;+00101;+00033;+00062;
+16444;+00100;+00896;+02388;+00106;+00013;+00061;
+16444;+00016;+00940;+02388;+00115;-00039;+00058;
+16456;+00192;+00660;+02388;+00120;-00096;+00054;
+16416;+00200;+00848;+02389;+00122;-00149;+00053;
+16480;+00096;+00572;+02389;+00130;-00190;+00053;
+16500;+00032;+00696;+02386;+00135;-00209;+00053;
+16424;+00152;+00740;+02387;+00126;-00190;+00051;
+16428;+00172;+00628;+02386;+00120;-00166;+00053;
+16436;+00144;+00420;+02386;+00121;-00157;+00053;
+16472;+00144;+00728;+02387;+00109;-00130;+00053;
+16468;+00100;+00592;+02388;+00092;-00078;+00053;
+16436;+00220;+00548;+02389;+00079;-00010;+00054;
+16424;+00172;+00828;+02388;+00069;+00078;+00054;
+16452;+00080;+00800;+02387;+00060;+00173;+00055;
+16384;+00116;+00884;+02387;+00060;+00239;+00055;
+16456;+00184;+00756;+02387;+00068;+00279;+00058;
+16416;+00192;+00844;+02387;+00082;+00303;+00061;
+16476;+00172;+00820;+02385;+00101;+00312;+00066;
+16440;+00192;+00716;+02387;+00118;+00322;+00068;
+16468;+00096;+00504;+02387;+00125;+00344;+00067;
+16440;+00028;+00680;+02386;+00114;+00366;+00071;
+16416;+00184;+01044;+02386;+00087;+00380;+00073;
+16388;+00200;+01168;+02386;+00067;+00362;+00073;
+16500;+00184;+00964;+02387;+00070;+00290;+00072;
+16440;+00144;+00856;+02386;+00080;+00221;+00071;
+16408;+00112;+00956;+02387;+00086;+00175;+00072;
+16448;+00124;+00592;+02388;+00107;+00119;+00069;
+16456;+00184;+00456;+02388;+00128;+00069;+00068;
+16448;+00108;+00640;+02387;+00128;+00058;+00068;
+16396;+00116;+00840;+02389;+00114;+00076;+00066;
+16444;+00088;+00928;+02389;+00102;+00087;+00064;
+16456;+00144;+00940;+02389;+00096;+00087;+00062;
+16472;+00152;+00836;+02389;+00095;+00088;+00061;
+16420;+00196;+00812;+02390;+00100;+00085;+00065;
+16388;+00124;+00684;+02390;+00110;+00075;+00065;
+16496;+00048;+00728;+02387;+00118;+00068;+00062;
+16456;+00044;+00852;+02389;+00114;+00067;+00061;
+16468;+00056;+00796;+02389;+00109;+00048;+00057;
+16472;+00248;+00780;+02388;+00106;+00011;+00056;
+16468;+00116;+01000;+02389;+00096;-00016;+00056;
+16388;+00216;+00828;+02390;+00092;-00052;+00056;
+16432;+00156;+00632;+02389;+00103;-00095;+00056;
+16380;+00284;+00588;+02389;+00115;-00105;+00056;
+16444;+00252;+00724;+02387;+00119;-00061;+00059;
+16496;+00124;+00804;+02386;+00117;-00006;+00060;
+16408;+00100;+00812;+02386;+00118;+00028;+00061;
+16448;+00148;+00732;+02386;+00118;+00048;+00061;
+16516;+00176;+00920;+02387;+00107;+00071;+00063;
+16472;+00164;+01108;+02387;+00098;+00070;+00063;
+16420;+00148;+00856;+02387;+00105;+00013;+00063;
+16420;+00064;+00692;+02388;+00114;-00059;+00063;
+16376;+00128;+00828;+02388;+00109;-00090;+00067;
+16520;+00092;+00844;+02389;+00104;-00109;+00068;
+16468;+00176;+00608;+02389;+00108;-00125;+00067;
+16380;+00152;+00708;+02389;+00104;-00114;+00065;
+16476;+00152;+00892;+02389;+00100;-00098;+00062;
+16440;+00172;+00836;+02388;+00104;-00112;+00059;
+16376;+00044;+00852;+02387;+00110;-00156;+00059;
+16468;+00092;+00676;+02388;+00119;-00208;+00059;
+16496;+00168;+00460;+02389;+00132;-00231;+00056;
+16452;+00144;+00772;+02390;+00131;-00192;+00055;
+16440;+00160;+00592;+02390;+00131;-00127;+00055;
+16388;+00096;+00564;+02388;+00134;-00057;+00056;
+16412;+00200;+00764;+02389;+00129;+00013;+00059;
+16368;+00184;+00780;+02390;+00125;+00069;+00061;
+16464;+00124;+00596;+02391;+00137;+00104;+00059;
+16424;+00012;+00444;+02391;+00140;+00148;+00061;
+16412;+00088;+00624;+02390;+00117;+00228;+00066;
+16440;+00168;+00916;+02391;+00092;+00309;+00067;
+16392;+00152;+00748;+02391;+00093;+00344;+00067;
+16488;+00176;+00688;+02392;+00099;+00371;+00067;
+16392;+00124;+00964;+02393;+00095;+00423;+00066;
+16424;+00064;+00976;+02391;+00095;+00456;+00065;
+16452;+00040;+00812;+02389;+00107;+00440;+00067;
+16452;+00132;+00872;+02389;+00120;+00389;+00065;
+16404;+00224;+00984;+02391;+00123;+00324;+00063;
+16396;+00184;+00868;+02391;+00123;+00242;+00061;
+16448;+00060;+00896;+02391;+00112;+00149;+00062;
+16432;+00060;+00928;+02391;+00102;+00035;+00061;
+16464;+00164;+00980;+02390;+00101;-00104;+00062;
+16424;+00320;+00828;+02390;+00106;-00241;+00061;
+16436;+00136;+00700;+02389;+00112;-00355;+00062;
+16420;+00136;+00616;+02388;+00121;-00439;+00058;
+16468;-00004;+00692;+02389;+00130;-00487;+00059;
+16404;+00112;+00548;+02390;+00134;-00496;+00058;
+16440;+00168;+00560;+02391;+00128;-00473;+00055;
+16436;+00180;+00596;+02390;+00120;-00441;+00055;
+16480;+00096;+00640;+02391;+00107;-00412;+00054;
+16372;+00064;+00720;+02393;+00093;-00385;+00060;
+16496;+00148;+00696;+02394;+00096;-00385;+00061;
+16408;+00256;+00372;+02392;+00114;-00388;+00059;
+16492;+00120;+00308;+02392;+00125;-00337;+00058;
+16480;-00008;+00452;+02392;+00122;-00229;+00058;
+16484;+00228;+00612;+02392;+00117;-00113;+00059;
+16420;+00064;+00684;+02392;+00111;-00011;+00054;
+16404;+00076;+00644;+02392;+00105;+00061;+00052;
+16380;+00248;+00568;+02391;+00104;+00116;+00049;
+16420;+00176;+00700;+02390;+00095;+00168;+00049;
+16364;+00168;+00764;+02391;+00091;+00209;+00051;
+16456;+00128;+00584;+02390;+00099;+00230;+00053;
+16460;+00124;+00716;+02391;+00103;+00260;+00056;
+16416;+00096;+00892;+02391;+00101;+00292;+00059;
+16448;+00084;+00716;+02392;+00103;+00295;+00063;
+16444;+00204;+00776;+02391;+00107;+00274;+00068;
+16436;+00136;+00756;+02391;+00105;+00240;+00067;
+16516;+00128;+00680;+02391;+00107;+00186;+00065;
+16388;+00220;+00676;+02392;+00121;+00134;+00057;
+16372;+00212;+00432;+02393;+00132;+00117;+00055;
+16496;+00176;+00524;+02394;+00131;+00141;+00055;
+16416;+00088;+00560;+02395;+00119;+00181;+00056;
+16356;+00184;+00680;+02396;+00103;+00211;+00060;
+16484;+00112;+01056;+02396;+00081;+00221;+00061;
+16464;+00204;+01088;+02396;+00068;+00179;+00064;
+16396;+00236;+00988;+02395;+00070;+00080;+00065;
+16516;+00180;+00912;+02395;+00083;-00040;+00064;
+16448;+00164;+00656;+02394;+00101;-00152;+00064;
+16468;+00152;+00344;+02393;+00124;-00246;+00064;
+16468;+00172;+00504;+02392;+00133;-00282;+00059;
+16480;+00108;+00520;+02392;+00124;-00265;+00060;
+16460;+00040;+00712;+02392;+00103;-00232;+00062;
+16424;+00020;+00616;+02391;+00080;-00209;+00064;
+16492;+00088;+00704;+02391;+00063;-00216;+00062;
+16416;+00160;+00652;+02391;+00062;-00245;+00059;
+16428;+00208;+00600;+02393;+00071;-00280;+00058;
+16364;+00184;+00424;+02392;+00088;-00304;+00057;
+16452;+00084;+00356;+02391;+00104;-00296;+00058;
+16420;+00116;+00348;+02391;+00110;-00244;+00060;
+16428;+00188;+00412;+02393;+00098;-00155;+00060;
+16440;+00148;+00484;+02393;+00083;-00040;+00062;
+16480;+00124;+00656;+02394;+00068;+00078;+00063;
+16392;+00088;+00876;+02393;+00057;+00159;+00065;
+16364;+00164;+00716;+02394;+00069;+00181;+00063;
+16412;+00340;+00536;+02395;+00093;+00166;+00062;
+16496;+00148;+00552;+02393;+00106;+00158;+00063;
+16440;+00044;+00648;+02393;+00110;+00161;+00062;
+16416;+00052;+00512;+02394;+00109;+00158;+00063;
+16428;+00112;+00516;+02395;+00104;+00150;+00061;
+16488;+00140;+00616;+02395;+00090;+00152;+00062;
+16428;+00168;+00776;+02394;+00071;+00173;+00062;
+16400;+00156;+00732;+02395;+00064;+00183;+00062;
+16380;+00152;+00668;+02394;+00071;+00178;+00060;
+16432;+00124;+00572;+02394;+00083;+00178;+00055;
+16420;+00120;+00768;+02396;+00094;+00194;+00054;
+16432;+00140;+00844;+02396;+00102;+00197;+00054;
+16452;+00176;+00680;+02396;+00110;+00168;+00052;
+16504;+00264;+00572;+02396;+00115;+00121;+00053;
+16408;+00140;+00508;+02395;+00118;+00071;+00055;
+16480;+00224;+00432;+02394;+00120;+00032;+00057;
+16508;+00116;+00516;+02394;+00114;+00021;+00055;
+16380;+00096;+00584;+02395;+00101;+00042;+00056;
+16444;+00148;+00644;+02397;+00090;+00071;+00056;
+16476;+00212;+00576;+02396;+00091;+00088;+00056;
+16480;+00168;+00724;+02397;+00090;+00116;+00056;
+16416;+00120;+01004;+02397;+00083;+00144;+00058;
+16432;+00200;+00704;+02396;+00098;+00112;+00058;
+16460;+00228;+00432;+02396;+00119;+00054;+00058;
+16408;+00076;+00576;+02397;+00122;+00044;+00059;
+16484;+00064;+00644;+02398;+00123;+00059;+00061;
+16444;+00116;+00488;+02399;+00132;+00071;+00060;
+16484;+00084;+00700;+02400;+00123;+00102;+00062;
+16432;+00156;+00888;+02400;+00112;+00128;+00062;
+16428;+00204;+00728;+02399;+00116;+00105;+00064;
+16436;+00108;+00684;+02397;+00124;+00049;+00062;
+16456;+00064;+00540;+02397;+00127;-00017;+00064;
+16404;+00100;+00532;+02398;+00130;-00081;+00067;
+16436;+00156;+00300;+02399;+00128;-00111;+00068;
+16428;+00120;+00416;+02398;+00121;-00089;+00066;
+16484;+00144;+00536;+02398;+00112;-00027;+00063;
+16436;+00144;+00524;+02398;+00104;+00052;+00064;
+16448;+00172;+00808;+02397;+00096;+00113;+00063;
+16468;+00196;+00816;+02398;+00095;+00127;+00062;
+16436;+00128;+00696;+02397;+00098;+00104;+00064;
+16396;+00168;+00552;+02397;+00102;+00065;+00063;
+16448;+00148;+00432;+02397;+00111;+00029;+00065;
+16372;+00116;+00552;+02399;+00109;+00025;+00064;
+16428;+00168;+00532;+02400;+00104;+00042;+00064;
+16436;+00164;+00524;+02400;+00096;+00067;+00063;
+16392;+00108;+00672;+02399;+00090;+00096;+00063;
+16396;+00048;+00780;+02398;+00087;+00110;+00062;
+16404;+00064;+00716;+02399;+00090;+00093;+00063;
+16412;+00160;+00728;+02399;+00096;+00042;+00063;
+16396;+00176;+00544;+02399;+00103;-00016;+00063;
+16420;+00096;+00568;+02398;+00107;-00061;+00064;
+16428;+00112;+00468;+02398;+00110;-00095;+00063;
+16380;+00160;+00560;+02398;+00107;-00095;+00062;
+16416;+00128;+00584;+02398;+00098;-00070;+00060;
+16400;+00136;+00684;+02400;+00089;-00045;+00058;
+16408;+00144;+00576;+02401;+00087;-00032;+00057;
+16436;+00160;+00632;+02401;+00090;-00018;+00059;
+16440;+00148;+00512;+02400;+00099;-00016;+00057;
+16468;+00144;+00360;+02400;+00113;-00015;+00058;
+16372;+00180;+00496;+02398;+00119;+00008;+00058;
+16420;+00108;+00644;+02396;+00117;+00049;+00058;
+16436;+00180;+00620;+02395;+00115;+00072;+00058;
+16456;+00176;+00532;+02397;+00113;+00078;+00062;
+16456;+00080;+00668;+02399;+00106;+00099;+00061;
+16412;+00192;+00588;+02400;+00099;+00121;+00062;
+16428;+00176;+00636;+02400;+00107;+00120;+00061;
+16444;+00112;+00528;+02398;+00112;+00128;+00061;
+16420;+00160;+00564;+02397;+00107;+00156;+00061;
+16348;+00152;+00596;+02396;+00106;+00174;+00059;
+16492;+00084;+00428;+02396;+00110;+00173;+00058;
+16472;+00132;+00688;+02396;+00107;+00176;+00055;
+16496;+00168;+00720;+02397;+00103;+00180;+00054;
+16376;+00196;+00512;+02397;+00107;+00166;+00055;
+16356;+00136;+00444;+02397;+00108;+00151;+00056;
+16384;+00160;+00648;+02397;+00100;+00151;+00058;
+16392;+00168;+00552;+02398;+00095;+00149;+00060;
+16388;+00212;+00616;+02400;+00094;+00140;+00063;
+16432;+00124;+00532;+02401;+00095;+00139;+00062;
+16408;+00056;+00676;+02400;+00089;+00148;+00060;
+16444;+00248;+00672;+02398;+00089;+00150;+00061;
+16420;+00152;+00628;+02399;+00095;+00142;+00063;
+16480;+00060;+00744;+02399;+00102;+00132;+00057;
+16388;+00104;+00572;+02398;+00112;+00117;+00058;
+16440;+00088;+00600;+02396;+00117;+00095;+00059;
+16420;+00180;+00596;+02396;+00112;+00079;+00058;
+16436;+00168;+00748;+02394;+00105;+00060;+00058;
+16420;+00144;+00608;+02395;+00105;+00023;+00061;
+16472;+00096;+00488;+02397;+00108;-00020;+00063;
+16400;+00168;+00588;+02398;+00105;-00031;+00064;
+16480;+00164;+00548;+02401;+00101;-00015;+00065;
+16388;+00200;+00488;+02402;+00104;+00014;+00064;
+16428;+00144;+00496;+02403;+00105;+00062;+00062;
+16404;+00128;+00712;+02403;+00104;+00117;+00063;
+16408;+00060;+00644;+02402;+00105;+00155;+00064;
+16416;+00076;+00876;+02403;+00102;+00173;+00061;
+16436;+00112;+00660;+02403;+00101;+00155;+00057;
+16400;+00176;+00512;+02400;+00105;+00118;+00056;
+16460;+00164;+00632;+02398;+00100;+00091;+00056;
+16432;+00228;+00600;+02400;+00099;+00078;+00060;
+16504;+00120;+00492;+02399;+00104;+00070;+00059;
+16416;+00132;+00464;+02399;+00105;+00087;+00058;
+16452;+00128;+00640;+02400;+00100;+00113;+00056;
+16452;+00188;+00680;+02402;+00099;+00119;+00059;
+16464;+00168;+00548;+02403;+00107;+00112;+00060;
+16388;+00148;+00688;+02404;+00108;+00115;+00061;
+16456;+00104;+00716;+02404;+00108;+00118;+00062;
+16472;+00204;+00556;+02403;+00116;+00104;+00061;
+16536;+00116;+00464;+02402;+00123;+00098;+00062;
+16416;+00144;+00572;+02401;+00118;+00131;+00062;
+16424;+00180;+00724;+02402;+00107;+00173;+00061;
+16468;+00168;+00720;+02402;+00105;+00193;+00064;
+16400;+00120;+00664;+02402;+00109;+00183;+00063;
+16368;+00120;+00732;+02402;+00116;+00153;+00060;
+16420;+00156;+00596;+02402;+00128;+00105;+00060;
+16388;+00104;+00596;+02401;+00140;+00061;+00057;
+16408;+00188;+00572;+02400;+00141;+00043;+00055;
+16384;+00148;+00436;+02402;+00135;+00049;+00057;
+16520;+00136;+00480;+02402;+00127;+00077;+00057;
+16416;+00116;+00696;+02403;+00120;+00122;+00057;
+16404;+00148;+00652;+02404;+00118;+00150;+00055;
+16424;+00180;+00620;+02404;+00120;+00146;+00055;
+16480;+00128;+00824;+02404;+00124;+00124;+00056;
+16408;+00132;+00672;+02404;+00125;+00082;+00058;
+16432;+00084;+00500;+02402;+00133;+00023;+00062;
+16516;+00132;+00464;+02403;+00137;-00019;+00061;
+16484;+00188;+00512;+02402;+00133;-00031;+00060;
+16452;+00216;+00524;+02402;+00123;-00007;+00057;
+16488;+00228;+00576;+02404;+00113;+00043;+00060;
+16396;+00152;+00684;+02405;+00111;+00096;+00060;
+16368;+00216;+00672;+02405;+00109;+00135;+00061;
+16444;+00132;+00828;+02405;+00101;+00151;+00061;
+16404;+00188;+00616;+02405;+00096;+00123;+00061;
+16480;+00160;+00512;+02406;+00096;+00072;+00060;
+16460;+00088;+00540;+02405;+00084;+00046;+00061;
+16444;+00060;+00636;+02405;+00069;+00060;+00058;
+16404;+00148;+00504;+02402;+00069;+00093;+00058;
+16456;+00184;+00576;+02403;+00071;+00150;+00054;
+16396;+00204;+00868;+02402;+00073;+00216;+00053;
+16464;+00192;+00956;+02402;+00085;+00262;+00057;
+16448;+00112;+00788;+02401;+00101;+00260;+00059;
+16448;+00016;+00892;+02402;+00117;+00220;+00062;
+16432;+00068;+00776;+02402;+00125;+00149;+00059;
+16460;+00144;+00488;+02403;+00138;+00047;+00058;
+16452;+00164;+00524;+02404;+00142;-00050;+00060;
+16388;+00104;+00568;+02402;+00134;-00111;+00060;
+16416;+00060;+00508;+02403;+00122;-00147;+00057;
+16456;+00140;+00552;+02404;+00110;-00167;+00057;
+16472;+00156;+00728;+02404;+00103;-00176;+00053;
+16444;+00128;+00628;+02403;+00104;-00187;+00051;
+16468;+00228;+00464;+02405;+00109;-00207;+00050;
+16372;+00196;+00616;+02406;+00104;-00207;+00052;
+16488;+00176;+00616;+02408;+00101;-00195;+00049;
+16376;+00220;+00456;+02407;+00105;-00182;+00052;
+16424;+00104;+00560;+02409;+00111;-00157;+00053;
+16480;+00124;+00544;+02406;+00112;-00114;+00059;
+16436;+00096;+00480;+02407;+00112;-00068;+00063;
+16404;+00100;+00568;+02405;+00110;-00026;+00065;
+16404;+00108;+00592;+02405;+00107;+00012;+00068;
+16376;+00112;+00732;+02404;+00097;+00052;+00070;
+16404;+00140;+00700;+02405;+00091;+00075;+00067;
+16448;+00160;+00560;+02404;+00093;+00081;+00065;
+16416;+00164;+00548;+02405;+00098;+00080;+00065;
+16360;+00132;+00596;+02408;+00100;+00098;+00063;
+16436;+00128;+00548;+02408;+00106;+00115;+00062;
+16384;+00076;+00416;+02407;+00115;+00128;+00065;
+16368;+00132;+00452;+02406;+00116;+00159;+00067;
+16480;+00104;+00688;+02406;+00105;+00208;+00070;
+16424;+00136;+00740;+02407;+00098;+00239;+00067;
+16416;+00160;+00616;+02409;+00100;+00235;+00064;
+16444;+00140;+00676;+02407;+00099;+00226;+00064;
+16420;+00136;+00684;+02406;+00098;+00204;+00062;
+16380;+00092;+00512;+02407;+00107;+00162;+00061;
+16476;+00140;+00568;+02408;+00119;+00126;+00061;
+16432;+00180;+00636;+02408;+00120;+00120;+00063;
+16392;+00064;+00588;+02408;+00115;+00131;+00064;
+16472;+00112;+00520;+02408;+00107;+00147;+00063;
+16380;+00144;+00752;+02409;+00094;+00161;+00061;
+16408;+00152;+00852;+02410;+00082;+00157;+00061;
+16408;+00228;+00656;+02408;+00083;+00131;+00058;
+16384;+00172;+00612;+02405;+00085;+00102;+00057;
+16400;+00056;+00744;+02405;+00089;+00076;+00059;
+16436;+00072;+00544;+02405;+00101;+00035;+00061;
+16420;+00220;+00464;+02404;+00114;-00007;+00059;
+16408;+00176;+00568;+02405;+00107;-00017;+00061;
+16424;+00164;+00708;+02406;+00098;-00019;+00063;
+16388;+00140;+00524;+02407;+00101;-00041;+00061;
+16420;+00028;+00464;+02406;+00106;-00054;+00065;
+16360;+00148;+00684;+02405;+00098;-00044;+00067;
+16476;+00164;+00516;+02407;+00099;-00031;+00064;
+16464;+00112;+00532;+02408;+00105;-00021;+00066;
+16376;+00100;+00596;+02410;+00103;+00003;+00063;
+16404;+00136;+00532;+02411;+00105;+00022;+00061;
+16444;+00176;+00552;+02410;+00109;+00018;+00061;
+16408;+00136;+00536;+02410;+00116;+00007;+00060;
+16412;+00108;+00620;+02411;+00114;+00011;+00058;
+16452;+00096;+00564;+02411;+00113;+00012;+00057;
+16416;+00096;+00528;+02412;+00116;+00008;+00053;
+16400;+00164;+00572;+02411;+00113;+00022;+00048;
+16428;+00160;+00676;+02409;+00108;+00053;+00050;
+16396;+00236;+00584;+02408;+00107;+00081;+00052;
+16452;+00172;+00652;+02408;+00108;+00102;+00054;
+16460;+00164;+00644;+02411;+00106;+00113;+00056;
+16392;+00136;+00736;+02413;+00101;+00107;+00055;
+16440;+00084;+00588;+02414;+00102;+00070;+00054;
+16420;+00160;+00488;+02413;+00109;+00012;+00054;
+16448;+00104;+00516;+02412;+00113;-00036;+00055;
+16364;+00072;+00568;+02411;+00105;-00051;+00056;
+16452;+00144;+00440;+02409;+00098;-00058;+00056;
+16408;+00272;+00564;+02407;+00094;-00056;+00054;
+16488;+00140;+00668;+02407;+00085;-00033;+00056;
+16356;+00144;+00708;+02408;+00085;-00020;+00057;
+16428;+00172;+00456;+02409;+00094;-00044;+00056;
+16448;+00132;+00308;+02407;+00099;-00065;+00054;
+16448;+00124;+00760;+02407;+00097;-00060;+00055;
+16412;+00204;+00672;+02410;+00101;-00055;+00055;
+16400;+00124;+00360;+02411;+00110;-00057;+00057;
+16408;+00120;+00476;+02410;+00112;-00040;+00059;
+16412;+00048;+00580;+02411;+00103;-00002;+00058;
+16384;+00212;+00616;+02410;+00101;+00031;+00060;
+16428;+00108;+00488;+02411;+00108;+00041;+00060;
+16420;+00108;+00588;+02412;+00115;+00054;+00061;
+16404;+00120;+00536;+02411;+00118;+00075;+00061;
+16472;+00124;+00508;+02411;+00119;+00086;+00062;
+16476;+00164;+00500;+02411;+00122;+00086;+00062;
+16392;+00192;+00544;+02413;+00116;+00090;+00062;
+16436;+00200;+00464;+02413;+00113;+00096;+00061;
+16364;+00140;+00504;+02414;+00108;+00114;+00057;
+16392;+00216;+00468;+02413;+00103;+00140;+00056;
+16408;+00168;+00456;+02412;+00102;+00169;+00056;
+16356;+00128;+00576;+02412;+00105;+00194;+00057;
+16424;+00168;+00712;+02410;+00104;+00213;+00058;
+16436;+00084;+00860;+02410;+00111;+00215;+00060;
+16332;+00068;+00712;+02410;+00119;+00185;+00061;
+16492;+00196;+00360;+02411;+00127;+00141;+00062;
+16424;+00156;+00348;+02412;+00120;+00119;+00060;
+16448;+00208;+00444;+02410;+00107;+00114;+00061;
+16404;+00176;+00520;+02411;+00102;+00109;+00063;
+16428;+00180;+00448;+02411;+00098;+00118;+00064;
+16440;+00140;+00520;+02411;+00092;+00147;+00063;
+16452;+00128;+00640;+02412;+00091;+00186;+00065;
+16400;+00060;+00496;+02413;+00094;+00210;+00064;
+18108;-01168;+02812;+02414;+00229;+00244;+00092;
+16700;+00244;+01388;+02413;+00546;+00309;+00184;
+16304;+00160;+00664;+02414;+00436;+00241;+00149;
+16424;+00240;+01140;+02413;+00371;+00160;+00123;
+16460;+00324;+00640;+02413;+00332;+00103;+00102;
+16464;+00108;+00632;+02413;+00303;+00077;+00089;
+16372;+00056;+00360;+02412;+00291;+00047;+00082;
fim