Simula um movimento de PITCH, fazendo um roll +90, seguido de um yaw 90, seguido de um roll -90
resultando em um pitch -90

start
-01284;+00800;+16696;+03845;+00026;+00041;-00083;
-00888;+01048;+16740;+03844;+00022;-00045;-00085;
-00784;+01156;+16804;+03844;+00020;-00124;-00084;
-00624;+01292;+16712;+03843;+00021;-00154;-00111;
-00856;+01248;+16676;+03844;+00006;-00140;-00153;
-00912;+01280;+16380;+03844;-00019;-00114;-00205;
-00940;+01048;+16580;+03842;-00046;-00099;-00256;
-01200;+00752;+16924;+03843;-00059;-00110;-00298;
-01320;+00816;+16992;+03843;-00051;-00118;-00325;
-01352;+00960;+17252;+03844;-00028;-00122;-00331;
-01488;+00704;+16872;+03844;+00009;-00119;-00309;
-01256;+00908;+17108;+03845;+00063;-00120;-00256;
-00748;+01016;+16912;+03843;+00142;-00121;-00183;
-00728;+00908;+16944;+03843;+00226;-00128;-00119;
-00544;+00976;+16740;+03844;+00302;-00122;-00073;
-00480;+00864;+16356;+03844;+00365;-00114;-00057;
-00400;+00912;+16144;+03844;+00403;-00104;-00065;
-00472;+01224;+16616;+03844;+00400;-00104;-00093;
-01020;+00520;+16840;+03844;+00379;-00087;-00133;
-00900;+00760;+17228;+03843;+00369;-00069;-00150;
-00684;+00692;+17220;+03842;+00393;-00081;-00138;
-00508;+00832;+16940;+03842;+00437;-00113;-00108;
-00556;+00668;+16580;+03843;+00471;-00143;-00071;
-00440;+00780;+16968;+03843;+00472;-00190;-00043;
-00604;+00864;+17312;+03844;+00462;-00237;-00025;
-00736;+00832;+17508;+03843;+00473;-00238;-00016;
-01056;+00772;+17756;+03842;+00540;-00201;-00007;
-01268;+00964;+17748;+03842;+00684;-00150;+00020;
-01172;+01116;+17252;+03841;+00865;-00158;+00077;
-00860;+01376;+17148;+03843;+01038;-00194;+00157;
-00512;+01472;+16852;+03844;+01181;-00235;+00235;
-00280;+01572;+16656;+03844;+01277;-00271;+00279;
-00028;+01708;+16440;+03843;+01337;-00298;+00291;
-00204;+01704;+16308;+03844;+01360;-00325;+00264;
-00472;+01560;+16488;+03845;+01356;-00341;+00206;
-01020;+01624;+16772;+03845;+01337;-00320;+00135;
-01404;+01512;+16956;+03846;+01321;-00258;+00071;
-01120;+01424;+16960;+03846;+01311;-00176;+00045;
-00732;+01492;+17012;+03845;+01320;-00101;+00044;
-00368;+01536;+16904;+03843;+01345;-00044;+00047;
-00280;+01488;+16660;+03842;+01389;-00005;+00039;
-00408;+01500;+16576;+03843;+01434;+00011;+00013;
-00620;+01656;+16532;+03843;+01465;+00019;-00026;
-00656;+01840;+16688;+03845;+01471;+00043;-00066;
-00728;+01880;+16940;+03844;+01462;+00070;-00104;
-00672;+01736;+16956;+03845;+01449;+00098;-00141;
-00788;+01820;+17132;+03845;+01446;+00143;-00187;
-00848;+01680;+17016;+03845;+01455;+00185;-00225;
-01016;+01696;+16992;+03844;+01482;+00210;-00246;
-01384;+01572;+16892;+03844;+01538;+00217;-00243;
-01384;+01848;+17156;+03843;+01612;+00201;-00204;
-01128;+02044;+17532;+03843;+01701;+00178;-00135;
-00660;+02136;+17848;+03844;+01812;+00156;-00067;
-00336;+02152;+17876;+03844;+01954;+00135;-00016;
-00124;+02208;+17948;+03843;+02121;+00102;+00011;
-00216;+02140;+17700;+03843;+02307;+00044;+00011;
-00344;+02240;+17704;+03844;+02514;-00024;-00009;
-00632;+02188;+17588;+03844;+02726;-00071;-00040;
-01080;+02208;+17400;+03844;+02943;-00074;-00076;
-01332;+02300;+17964;+03844;+03167;-00033;-00096;
-01112;+02500;+18312;+03844;+03416;+00030;-00087;
-00892;+02616;+18972;+03846;+03717;+00089;-00062;
-00500;+02880;+18652;+03846;+04071;+00155;-00028;
-00092;+02972;+17668;+03846;+04460;+00213;-00004;
-00168;+03064;+17196;+03846;+04814;+00223;-00004;
-00376;+03072;+17000;+03845;+05103;+00200;-00033;
-00752;+03116;+16796;+03844;+05339;+00190;-00082;
-01004;+03268;+16108;+03843;+05530;+00224;-00127;
-01060;+03320;+16164;+03842;+05672;+00242;-00158;
-01120;+03472;+16028;+03842;+05769;+00224;-00170;
-01048;+03600;+15828;+03842;+05828;+00205;-00163;
-00952;+03760;+15560;+03844;+05855;+00175;-00142;
-00884;+03824;+16024;+03843;+05847;+00135;-00117;
-00768;+03840;+16300;+03842;+05823;+00129;-00101;
-01008;+03904;+16564;+03844;+05802;+00149;-00087;
-00792;+04340;+15532;+03844;+05790;+00156;-00069;
-00772;+04476;+15600;+03844;+05783;+00071;-00044;
-00988;+04504;+15588;+03845;+05745;-00033;-00017;
-00956;+04636;+15072;+03844;+05673;-00118;+00015;
-01052;+04828;+15288;+03843;+05557;-00162;+00035;
-01064;+04932;+15916;+03842;+05417;-00149;+00051;
-00956;+04856;+16396;+03843;+05309;-00114;+00064;
-00792;+04960;+16608;+03844;+05274;-00103;+00082;
-00536;+05156;+16536;+03845;+05306;-00121;+00108;
-00308;+05444;+16152;+03843;+05383;-00157;+00128;
-00344;+05628;+15892;+03842;+05462;-00176;+00125;
-00620;+05764;+15872;+03842;+05517;-00171;+00100;
-00948;+05756;+15992;+03843;+05540;-00148;+00069;
-01224;+05772;+16124;+03843;+05537;-00118;+00053;
-01252;+05824;+16544;+03844;+05545;-00115;+00059;
-01188;+05896;+16608;+03845;+05592;-00134;+00096;
-01076;+06000;+16520;+03845;+05693;-00153;+00147;
-00800;+06116;+16220;+03846;+05843;-00186;+00215;
-00376;+06508;+15956;+03845;+06027;-00263;+00291;
-00088;+06712;+16156;+03845;+06226;-00358;+00356;
+00044;+06852;+16348;+03843;+06421;-00423;+00383;
-00148;+07004;+16084;+03844;+06593;-00406;+00352;
-00428;+07184;+15676;+03843;+06738;-00330;+00272;
-00480;+07196;+15296;+03844;+06855;-00270;+00177;
-00604;+07124;+15148;+03844;+06959;-00249;+00098;
-00740;+07184;+14952;+03844;+07060;-00233;+00049;
-00876;+07288;+14708;+03844;+07155;-00206;+00034;
-00992;+07432;+14180;+03844;+07227;-00169;+00042;
-00868;+07792;+13704;+03843;+07253;-00127;+00067;
-00712;+08028;+13728;+03842;+07209;-00068;+00097;
-00432;+08112;+13908;+03842;+07106;-00014;+00119;
-00176;+08376;+13604;+03843;+06975;+00034;+00130;
-00332;+08508;+13928;+03842;+06828;+00050;+00121;
-00396;+08352;+14012;+03842;+06693;+00039;+00092;
-00636;+08420;+13792;+03840;+06582;+00042;+00060;
-01028;+08480;+13640;+03841;+06480;+00053;+00035;
-01080;+08744;+13292;+03842;+06372;+00066;+00028;
-00844;+09092;+12904;+03840;+06240;+00065;+00050;
-00540;+09332;+12760;+03840;+06069;+00076;+00085;
-00428;+09420;+12876;+03841;+05857;+00103;+00104;
-00380;+09408;+12648;+03841;+05613;+00132;+00110;
-00380;+09312;+12532;+03842;+05348;+00138;+00105;
-00052;+09480;+12800;+03842;+05079;+00107;+00094;
-00028;+09672;+13172;+03842;+04832;+00075;+00052;
-00212;+09688;+13208;+03842;+04621;+00063;-00021;
-00664;+09868;+13232;+03842;+04446;+00064;-00108;
-01008;+09824;+13228;+03843;+04301;+00059;-00177;
-01120;+09740;+13396;+03842;+04175;+00044;-00207;
-01116;+09820;+13512;+03844;+04079;+00038;-00193;
-00732;+09916;+13308;+03845;+04006;+00032;-00154;
-00472;+10060;+13372;+03845;+03932;+00039;-00113;
-00520;+10164;+13212;+03845;+03861;+00059;-00084;
-00520;+10212;+13332;+03844;+03802;+00082;-00073;
-00568;+10316;+13548;+03843;+03768;+00087;-00075;
-00640;+10388;+13632;+03843;+03767;+00088;-00076;
-00716;+10552;+13788;+03844;+03794;+00099;-00085;
-00624;+10816;+13752;+03845;+03854;+00120;-00098;
-00572;+10784;+13328;+03843;+03933;+00143;-00111;
-00644;+10652;+13468;+03842;+04003;+00149;-00117;
-00688;+10528;+13368;+03842;+04079;+00164;-00113;
-00900;+10612;+13244;+03844;+04178;+00199;-00097;
-01016;+10680;+13128;+03844;+04295;+00220;-00072;
-00976;+10796;+12956;+03843;+04423;+00211;-00032;
-00920;+11064;+13156;+03843;+04539;+00200;+00014;
-00672;+11104;+13000;+03844;+04659;+00199;+00056;
-00604;+11204;+12812;+03845;+04784;+00196;+00086;
-00628;+11264;+12620;+03845;+04896;+00204;+00104;
-00576;+11428;+12384;+03843;+04991;+00222;+00117;
-00392;+11556;+12020;+03841;+05073;+00245;+00126;
-00516;+11700;+11464;+03842;+05126;+00270;+00129;
-00692;+11644;+11444;+03840;+05134;+00257;+00127;
-00760;+11472;+11648;+03840;+05112;+00216;+00124;
-00680;+11508;+11660;+03839;+05089;+00187;+00122;
-00580;+11604;+11480;+03839;+05061;+00170;+00113;
-00404;+11960;+11000;+03840;+05032;+00164;+00090;
-00224;+12116;+10904;+03840;+04968;+00158;+00062;
-00276;+12160;+10812;+03840;+04861;+00143;+00027;
-00428;+11972;+11156;+03839;+04736;+00132;-00017;
-00616;+12112;+11072;+03838;+04620;+00133;-00058;
-01104;+12268;+11144;+03839;+04524;+00151;-00087;
-01152;+12312;+11408;+03840;+04447;+00192;-00100;
-00992;+12464;+11552;+03839;+04392;+00223;-00078;
-00872;+12436;+11528;+03839;+04359;+00232;-00041;
-00928;+12432;+11328;+03839;+04356;+00215;-00015;
-01000;+12584;+11528;+03839;+04378;+00150;+00016;
-01028;+12776;+11288;+03839;+04437;+00071;+00058;
-01052;+12860;+11036;+03838;+04515;+00009;+00107;
-00800;+12784;+10656;+03838;+04604;-00039;+00172;
-00620;+12932;+10220;+03839;+04674;-00076;+00245;
-00512;+12968;+10056;+03840;+04712;-00101;+00307;
-00468;+13040;+10028;+03841;+04718;-00110;+00358;
-00384;+12996;+09832;+03841;+04693;-00095;+00391;
-00244;+13116;+09904;+03839;+04640;-00059;+00398;
-00300;+13228;+09916;+03839;+04577;-00043;+00379;
-00460;+13204;+10104;+03840;+04513;-00058;+00343;
-00360;+13392;+10192;+03839;+04459;-00083;+00309;
-00344;+13532;+09904;+03839;+04411;-00105;+00275;
-00308;+13652;+09464;+03839;+04366;-00113;+00238;
-00192;+13540;+09332;+03839;+04312;-00121;+00195;
-00272;+13532;+09388;+03839;+04246;-00143;+00142;
-00388;+13544;+09244;+03839;+04181;-00148;+00086;
-00696;+13648;+09256;+03840;+04106;-00124;+00027;
-00992;+13620;+09276;+03840;+04020;-00069;-00022;
-00952;+13760;+09420;+03839;+03936;-00001;-00041;
-00864;+13796;+09684;+03838;+03866;+00057;-00032;
-00752;+13856;+09144;+03837;+03830;+00103;-00004;
-00356;+13804;+09112;+03837;+03810;+00097;+00043;
-00324;+13984;+09024;+03837;+03791;+00057;+00088;
-00312;+14312;+08732;+03837;+03771;+00023;+00113;
-00508;+14404;+09096;+03836;+03742;+00003;+00113;
-00436;+14372;+09048;+03836;+03720;+00006;+00104;
-00528;+14276;+09284;+03836;+03701;+00006;+00087;
-00400;+14224;+09228;+03836;+03701;+00017;+00063;
-00528;+14072;+09168;+03836;+03719;+00023;+00032;
-00324;+14016;+08992;+03837;+03763;+00027;-00004;
-00560;+13900;+08880;+03837;+03802;+00032;-00046;
-00736;+14236;+08424;+03836;+03838;+00027;-00091;
-00740;+14444;+08412;+03838;+03864;+00044;-00107;
-00664;+14572;+08364;+03837;+03892;+00072;-00096;
-00508;+14704;+08704;+03836;+03913;+00103;-00067;
-00600;+14676;+08632;+03836;+03934;+00118;-00032;
-00660;+14452;+08256;+03837;+03965;+00125;+00000;
-00780;+14568;+08156;+03838;+04009;+00135;+00029;
-00748;+14436;+08028;+03838;+04044;+00163;+00054;
-00752;+14416;+08108;+03837;+04081;+00192;+00088;
-00688;+14624;+08044;+03836;+04124;+00212;+00133;
-00404;+14968;+08316;+03836;+04175;+00208;+00195;
-00224;+15120;+08232;+03836;+04230;+00184;+00254;
-00120;+15052;+07924;+03836;+04298;+00148;+00288;
-00084;+15108;+07744;+03835;+04372;+00111;+00295;
+00016;+15012;+07028;+03835;+04446;+00075;+00277;
-00176;+14848;+06848;+03836;+04483;+00031;+00240;
-00564;+14992;+06868;+03836;+04485;+00009;+00190;
-01208;+14952;+06952;+03838;+04474;+00039;+00146;
-01384;+15084;+07100;+03839;+04474;+00096;+00132;
-01116;+15164;+07056;+03839;+04497;+00148;+00176;
-00760;+15256;+07088;+03838;+04539;+00175;+00251;
-00600;+15508;+07236;+03837;+04606;+00177;+00330;
-00580;+15660;+07252;+03836;+04694;+00179;+00401;
-00564;+15456;+07048;+03836;+04802;+00197;+00460;
-00500;+15280;+06556;+03837;+04904;+00224;+00504;
-00528;+15204;+06428;+03837;+04981;+00248;+00527;
-00748;+15108;+06180;+03837;+05040;+00243;+00542;
-00636;+15376;+05844;+03837;+05086;+00236;+00564;
-00404;+15708;+05476;+03837;+05117;+00217;+00600;
-00108;+15740;+05316;+03838;+05123;+00177;+00640;
+00140;+15712;+05064;+03836;+05098;+00118;+00668;
+00256;+15692;+04732;+03837;+05049;+00055;+00673;
+00156;+15408;+04520;+03836;+04974;-00003;+00644;
+00064;+15476;+04460;+03837;+04864;-00048;+00595;
-00216;+15668;+04504;+03837;+04723;-00069;+00534;
-00292;+15920;+04724;+03837;+04565;-00075;+00474;
-00316;+16072;+05044;+03837;+04418;-00067;+00430;
-00332;+16020;+05112;+03836;+04297;-00045;+00405;
-00480;+16084;+05088;+03836;+04208;-00020;+00396;
-00288;+16108;+04832;+03838;+04141;+00001;+00408;
+00072;+15896;+04300;+03837;+04082;+00019;+00422;
+00724;+15788;+03776;+03838;+04010;+00043;+00427;
+01256;+15912;+03400;+03838;+03895;+00077;+00390;
+01196;+16024;+03704;+03839;+03733;+00099;+00289;
+00852;+16188;+03980;+03839;+03549;+00094;+00133;
+00188;+16228;+04348;+03837;+03383;+00081;-00048;
-00488;+16128;+04536;+03838;+03250;+00089;-00210;
-01068;+16100;+04620;+03838;+03163;+00109;-00318;
-01376;+16196;+04784;+03839;+03121;+00125;-00348;
-01416;+16092;+04964;+03837;+03141;+00117;-00294;
-01060;+16004;+04776;+03836;+03216;+00114;-00182;
-00604;+16048;+04808;+03836;+03342;+00118;-00048;
-00260;+16036;+04504;+03836;+03490;+00153;+00070;
+00368;+16160;+03828;+03835;+03639;+00181;+00159;
+00624;+16348;+03540;+03835;+03756;+00185;+00201;
+00724;+16420;+03484;+03837;+03834;+00194;+00184;
+00576;+16404;+03532;+03838;+03880;+00211;+00126;
+00236;+16332;+03420;+03837;+03907;+00227;+00045;
-00336;+16232;+03488;+03837;+03927;+00226;-00031;
-00556;+16308;+03588;+03838;+03944;+00194;-00077;
-00712;+16376;+03448;+03838;+03952;+00170;-00089;
-00824;+15976;+03300;+03836;+03967;+00172;-00082;
-01180;+15808;+02848;+03836;+03968;+00190;-00059;
-01300;+16040;+02328;+03837;+03951;+00213;-00004;
-00928;+16392;+02244;+03837;+03913;+00238;+00093;
-00304;+16492;+01900;+03836;+03865;+00250;+00215;
+00804;+16184;+00180;+03835;+03762;+00262;+00331;
+01368;+16488;-00636;+03836;+03543;+00196;+00398;
+01360;+17148;-00232;+03835;+03194;+00085;+00379;
+01040;+17628;+00676;+03835;+02755;+00024;+00264;
+00520;+17604;+01568;+03834;+02306;-00003;+00098;
-00256;+16984;+02408;+03835;+01896;-00038;-00084;
-01004;+15928;+02948;+03836;+01587;-00068;-00234;
-01196;+15524;+02656;+03836;+01378;-00050;-00304;
-01060;+15768;+02424;+03837;+01244;-00047;-00281;
-00736;+16120;+03012;+03837;+01173;-00058;-00195;
-00660;+16560;+03396;+03837;+01165;-00035;-00087;
-00340;+16592;+02692;+03838;+01206;-00004;+00013;
+00036;+16696;+01896;+03837;+01257;-00020;+00097;
+00376;+16704;+01604;+03837;+01279;-00049;+00158;
+00648;+16640;+01576;+03837;+01253;-00028;+00187;
+00584;+16644;+01936;+03836;+01189;+00017;+00172;
+00392;+16744;+02420;+03838;+01106;+00040;+00120;
-00072;+16640;+02628;+03837;+01042;+00043;+00040;
-00944;+16380;+02868;+03836;+01012;+00033;-00034;
-01196;+16172;+02460;+03836;+01021;+00032;-00055;
-01108;+16164;+01572;+03839;+01042;+00025;-00009;
-00540;+16424;+01356;+03838;+01042;+00003;+00086;
+00168;+16700;+01536;+03837;+01016;+00001;+00195;
+00688;+16968;+01836;+03836;+00969;+00024;+00274;
+01192;+17020;+02036;+03834;+00914;+00035;+00302;
+01076;+16912;+02044;+03833;+00867;+00022;+00259;
+00356;+16644;+02168;+03833;+00834;-00006;+00151;
-00064;+16496;+02340;+03833;+00822;-00039;+00031;
-00212;+16568;+02236;+03834;+00833;-00075;-00059;
-00332;+16724;+02016;+03834;+00878;-00103;-00121;
-00388;+16732;+01680;+03835;+00932;-00114;-00159;
-00344;+16524;+01244;+03833;+00974;-00111;-00175;
-00172;+16380;+00948;+03834;+00974;-00105;-00168;
-00208;+16544;+01140;+03835;+00931;-00091;-00155;
-00368;+16720;+01672;+03836;+00864;-00047;-00135;
-00360;+16768;+02248;+03836;+00805;+00024;-00106;
-00412;+16600;+02240;+03837;+00776;+00076;-00072;
-00504;+16412;+02204;+03837;+00782;+00114;-00030;
-00564;+16480;+02108;+03836;+00809;+00140;+00021;
-00252;+16436;+01952;+03836;+00842;+00162;+00081;
+00132;+16592;+01576;+03836;+00873;+00143;+00137;
+00348;+16796;+01088;+03837;+00889;+00078;+00177;
+00196;+16852;+00784;+03838;+00859;+00021;+00190;
-00012;+16676;+00772;+03837;+00781;-00007;+00178;
-00172;+16800;+00984;+03836;+00654;-00006;+00153;
-00212;+16732;+01208;+03835;+00509;+00021;+00128;
-00228;+16772;+01484;+03836;+00379;+00056;+00106;
-00380;+16532;+01620;+03835;+00308;+00029;+00103;
-00736;+16772;+02200;+03837;+00263;-00034;+00129;
-00204;+16420;+00724;+03834;+00215;+00031;+00209;
+00460;+16284;+00772;+03834;+00165;+00154;+00295;
+00880;+16352;+01464;+03834;+00093;+00178;+00325;
+01080;+16592;+01592;+03836;+00013;+00129;+00281;
+00880;+16836;+01400;+03836;-00063;+00056;+00179;
+00372;+16924;+01436;+03836;-00131;-00012;+00053;
-00184;+16896;+01568;+03837;-00195;-00040;-00066;
-00628;+16728;+01620;+03836;-00245;-00023;-00146;
-00700;+16544;+01960;+03835;-00275;+00012;-00184;
-00616;+16316;+01680;+03834;-00286;+00038;-00175;
-00460;+16292;+01560;+03834;-00286;+00027;-00136;
-00144;+16504;+01888;+03835;-00276;-00006;-00083;
+00084;+16700;+01868;+03836;-00251;-00016;-00026;
+00168;+16848;+01820;+03835;-00208;-00002;+00019;
+00076;+16732;+01932;+03835;-00157;+00011;+00049;
+00016;+16488;+01512;+03836;-00103;+00011;+00065;
-00064;+16452;+01292;+03836;-00075;-00006;+00077;
-00120;+16488;+01624;+03836;-00067;-00038;+00094;
-00060;+16652;+01928;+03837;-00070;-00035;+00108;
-00152;+16724;+01928;+03835;-00067;-00004;+00123;
-00064;+16744;+02120;+03834;-00044;+00019;+00139;
+00096;+16704;+02068;+03833;-00006;+00024;+00161;
+00132;+16616;+02004;+03834;+00039;+00009;+00175;
+00320;+16756;+01916;+03837;+00092;-00020;+00172;
+00224;+16776;+01908;+03837;+00155;-00047;+00141;
-00084;+16596;+01804;+03838;+00221;-00072;+00092;
-00228;+16480;+01744;+03837;+00290;-00096;+00048;
-00192;+16588;+02020;+03836;+00338;-00108;+00031;
-00412;+16492;+01932;+03835;+00382;-00121;+00034;
-00312;+16540;+01928;+03836;+00445;-00116;+00055;
+00000;+16512;+01720;+03835;+00516;-00068;+00108;
+00456;+16712;+01912;+03836;+00556;-00001;+00191;
+00772;+16908;+01828;+03836;+00564;+00035;+00262;
+00680;+17024;+01804;+03835;+00573;+00028;+00288;
+00304;+16912;+01464;+03835;+00608;-00002;+00251;
-00068;+16636;+01448;+03836;+00674;-00025;+00183;
-00196;+16448;+01344;+03837;+00735;-00020;+00126;
-00236;+16340;+01288;+03837;+00778;+00001;+00100;
-00256;+16328;+01360;+03836;+00807;+00017;+00107;
-00256;+16656;+01748;+03835;+00826;+00029;+00134;
-00384;+16616;+00884;+03836;+00869;+00041;+00168;
-00464;+16416;+00988;+03835;+00955;+00082;+00215;
-00136;+16536;+00920;+03835;+01011;+00167;+00284;
+00112;+16852;+00920;+03836;+01015;+00272;+00365;
+00316;+16960;+01124;+03837;+00990;+00328;+00434;
+00512;+16864;+00808;+03836;+00969;+00329;+00489;
+00684;+16664;+00484;+03836;+00955;+00306;+00506;
+00412;+16448;+00204;+03835;+00935;+00285;+00480;
+00116;+16480;+00432;+03834;+00912;+00283;+00419;
+00044;+16704;+00976;+03835;+00877;+00334;+00354;
-00376;+16628;+00636;+03835;+00860;+00454;+00291;
-00644;+16348;+00720;+03833;+00933;+00635;+00239;
-00152;+16684;+00944;+03835;+00970;+00873;+00256;
+00560;+17068;+01440;+03836;+00942;+01066;+00340;
+01156;+17124;+00624;+03836;+00848;+01200;+00443;
+01324;+16912;+00664;+03835;+00747;+01227;+00508;
+01304;+16536;+00228;+03835;+00647;+01079;+00493;
+01156;+16252;+00664;+03836;+00520;+00836;+00408;
+00748;+16344;+00496;+03836;+00325;+00583;+00296;
+00440;+16872;+01000;+03837;+00169;+00350;+00183;
+00324;+17092;+01284;+03838;+00022;+00190;+00090;
+00308;+16944;+01200;+03837;-00098;+00067;+00024;
+00052;+16720;+00888;+03837;-00172;-00048;-00028;
-00036;+16564;+00652;+03837;-00195;-00136;-00075;
-00100;+16428;+00580;+03837;-00189;-00161;-00121;
+00164;+16768;+01016;+03835;-00202;-00135;-00139;
+00180;+16944;+01356;+03836;-00245;-00118;-00131;
+00328;+16812;+01416;+03835;-00286;-00122;-00101;
+00640;+16836;+00732;+03834;-00317;-00143;-00061;
+00856;+16612;+00324;+03835;-00353;-00201;-00029;
+00720;+16680;+00744;+03835;-00420;-00281;-00022;
+00556;+16556;+00976;+03836;-00500;-00338;-00045;
+00312;+16396;+01092;+03835;-00558;-00335;-00085;
-00028;+16380;+01120;+03834;-00560;-00274;-00134;
-00236;+16356;+00968;+03836;-00488;-00148;-00183;
-00328;+16708;+01140;+03839;-00375;-00012;-00224;
-00120;+16860;+00652;+03839;-00260;+00143;-00229;
+00352;+17240;+00668;+03839;-00216;+00281;-00192;
+00668;+17348;+00928;+03837;-00236;+00327;-00138;
+00512;+16976;+00880;+03836;-00295;+00301;-00097;
+00336;+16616;+00692;+03838;-00373;+00252;-00072;
+00080;+16408;+00588;+03837;-00467;+00171;-00074;
-00032;+16232;+02016;+03836;-00552;+00044;-00081;
+00188;+16308;+01976;+03836;-00613;-00039;-00078;
+00540;+16664;+01348;+03835;-00629;-00081;-00068;
+00624;+17008;+01128;+03836;-00604;-00136;-00073;
+00212;+17100;+01180;+03837;-00552;-00211;-00113;
-00264;+16904;+01680;+03836;-00486;-00262;-00163;
-00284;+16660;+01476;+03836;-00413;-00235;-00160;
+00168;+16300;+01692;+03835;-00337;-00165;-00108;
+00476;+16192;+01716;+03835;-00289;-00113;-00051;
+00248;+16504;+01620;+03836;-00200;-00161;-00026;
+00328;+16956;+01052;+03836;-00097;-00187;-00017;
+00464;+17064;+01168;+03836;-00014;-00148;-00007;
+00588;+17032;+01444;+03836;+00048;-00083;-00009;
+00420;+16612;+01588;+03837;+00105;-00020;-00029;
-00084;+16248;+01104;+03838;+00177;+00027;-00066;
-00372;+16204;+00656;+03838;+00234;+00039;-00086;
-00156;+16204;+00348;+03838;+00251;+00016;-00059;
+00272;+16524;+00336;+03838;+00223;+00010;+00000;
+00576;+16904;+00700;+03838;+00161;+00017;+00064;
+00728;+17092;+00968;+03839;+00086;+00032;+00102;
+00796;+17052;+00940;+03839;+00023;+00060;+00101;
+00584;+16928;+00644;+03838;-00009;+00081;+00051;
+00468;+16824;+00944;+03838;-00036;+00088;-00013;
+00408;+16732;+01120;+03838;-00087;+00109;-00051;
+00224;+16588;+01176;+03837;-00153;+00137;-00057;
+00252;+16808;+01088;+03835;-00208;+00169;-00050;
+00292;+16792;+00940;+03834;-00247;+00184;-00049;
+00280;+16640;+01204;+03833;-00275;+00172;-00062;
+00460;+16500;+01036;+03834;-00308;+00146;-00077;
+00512;+16328;+01088;+03836;-00345;+00105;-00097;
+00528;+16448;+01196;+03837;-00378;+00061;-00118;
+00560;+16604;+01044;+03837;-00400;+00044;-00139;
+00384;+16748;+01208;+03836;-00403;+00022;-00177;
+00116;+16724;+01424;+03836;-00396;-00028;-00229;
-00340;+16804;+01656;+03836;-00382;-00092;-00276;
-00484;+16692;+01208;+03834;-00346;-00142;-00287;
-00344;+16784;+00956;+03834;-00300;-00173;-00254;
-00276;+16680;+00832;+03835;-00248;-00176;-00199;
-00116;+16636;+01176;+03835;-00205;-00143;-00141;
+00176;+16700;+01200;+03834;-00174;-00098;-00080;
+00588;+16600;+01424;+03833;-00152;-00067;-00033;
+00968;+16584;+01288;+03835;-00137;-00066;-00017;
+01000;+16660;+01104;+03833;-00130;-00079;-00038;
+00724;+16552;+01092;+03833;-00125;-00089;-00089;
+00408;+16644;+01148;+03834;-00129;-00073;-00144;
+00272;+16628;+01092;+03833;-00149;-00026;-00186;
+00120;+16716;+01232;+03834;-00161;+00025;-00224;
+00056;+16792;+01320;+03835;-00168;+00046;-00256;
-00124;+16736;+01384;+03835;-00168;+00045;-00273;
-00060;+16568;+01628;+03834;-00146;+00052;-00269;
-00040;+16488;+01360;+03835;-00107;+00077;-00255;
+00104;+16616;+01284;+03833;-00054;+00088;-00233;
+00348;+16620;+01008;+03834;-00001;+00082;-00218;
+00692;+16716;+01028;+03834;+00022;+00049;-00207;
+00648;+16700;+01228;+03834;+00011;-00003;-00200;
+00548;+16696;+01328;+03834;-00013;-00040;-00210;
+00472;+16724;+01092;+03833;-00037;-00050;-00234;
+00444;+16548;+01244;+03832;-00052;-00069;-00267;
+00420;+16492;+01264;+03831;-00065;-00100;-00313;
+00400;+16332;+01052;+03833;-00077;-00126;-00361;
+00072;+16480;+01208;+03833;-00087;-00136;-00403;
-00244;+16816;+01256;+03834;-00085;-00143;-00432;
-00448;+16896;+01404;+03834;-00058;-00140;-00438;
-00372;+16768;+01384;+03835;-00004;-00126;-00421;
-00140;+16512;+01480;+03836;+00066;-00106;-00390;
+00056;+16500;+01412;+03838;+00132;-00090;-00354;
+00136;+16612;+01408;+03838;+00189;-00089;-00318;
+00032;+16672;+01388;+03838;+00238;-00103;-00279;
-00092;+16660;+01172;+03838;+00287;-00118;-00229;
-00120;+16716;+01124;+03837;+00325;-00131;-00173;
-00140;+16720;+01360;+03837;+00361;-00128;-00123;
-00104;+16760;+01224;+03836;+00399;-00103;-00085;
-00100;+16728;+01144;+03837;+00440;-00090;-00060;
+00160;+16612;+01216;+03837;+00481;-00101;-00031;
+00440;+16716;+01120;+03837;+00521;-00115;+00004;
+00676;+16692;+00856;+03838;+00553;-00119;+00029;
+00604;+16668;+00932;+03839;+00580;-00123;+00029;
+00464;+16696;+00896;+03839;+00603;-00122;+00005;
+00024;+16684;+00672;+03838;+00617;-00113;-00033;
-00124;+16628;+00460;+03837;+00618;-00110;-00060;
-00124;+16748;+00524;+03835;+00600;-00105;-00071;
-00028;+16784;+00904;+03836;+00564;-00089;-00066;
+00268;+16824;+00636;+03835;+00528;-00084;-00053;
+00328;+16928;+00568;+03836;+00493;-00089;-00044;
+00268;+16876;+00492;+03836;+00451;-00091;-00049;
+00308;+16628;+00688;+03836;+00412;-00082;-00069;
+00352;+16616;+00192;+03836;+00373;-00069;-00081;
+00536;+16524;+00516;+03834;+00330;-00072;-00081;
+00612;+16344;+00356;+03835;+00278;-00095;-00095;
+00476;+16680;+00200;+03835;+00234;-00105;-00121;
+00452;+16980;+00172;+03836;+00187;-00090;-00170;
+00124;+16856;+00432;+03835;+00139;-00077;-00234;
-00092;+16732;+00724;+03837;+00101;-00074;-00286;
+00000;+16648;+00780;+03839;+00077;-00057;-00314;
+00036;+16668;+00868;+03837;+00053;-00034;-00314;
+00048;+16788;+00712;+03837;+00029;-00029;-00294;
-00184;+16820;+00404;+03838;-00003;-00053;-00271;
-00296;+16808;+00532;+03839;-00021;-00100;-00255;
-00140;+16624;+00676;+03837;-00039;-00123;-00230;
+00144;+16460;+01064;+03837;-00067;-00098;-00191;
+00268;+16516;+00328;+03838;-00111;-00052;-00158;
+00376;+16552;+00584;+03838;-00114;-00036;-00156;
+00556;+16776;+00624;+03839;-00131;-00021;-00175;
+00424;+16832;+00660;+03838;-00158;+00015;-00203;
+00372;+16832;+00576;+03838;-00199;+00060;-00230;
+00288;+16620;+00708;+03837;-00246;+00083;-00258;
+00220;+16644;+01084;+03836;-00307;+00100;-00281;
+00136;+16700;+00948;+03838;-00363;+00129;-00311;
-00108;+16564;+00764;+03840;-00369;+00155;-00347;
-00320;+16696;+00920;+03840;-00363;+00170;-00387;
-00540;+16748;+00936;+03841;-00345;+00178;-00404;
-00420;+16712;+00824;+03839;-00325;+00173;-00395;
-00284;+16640;+01084;+03836;-00300;+00142;-00360;
-00316;+16580;+01040;+03837;-00275;+00100;-00309;
-00124;+16608;+01028;+03837;-00248;+00060;-00231;
+00116;+16796;+01028;+03837;-00240;+00040;-00143;
+00264;+16912;+00844;+03837;-00238;+00047;-00072;
+00340;+16880;+00588;+03836;-00225;+00063;-00043;
+00236;+16828;+00752;+03836;-00226;+00074;-00058;
-00168;+16620;+00828;+03836;-00254;+00067;-00094;
-00564;+16456;+00820;+03837;-00252;+00030;-00123;
-00288;+16600;+01060;+03837;-00251;-00007;-00113;
-00076;+16740;+00712;+03837;-00270;-00020;-00065;
+00180;+16844;+00856;+03838;-00295;-00026;+00002;
-00144;+17052;+01104;+03837;-00330;-00031;+00066;
-00488;+16976;+00632;+03836;-00357;-00013;+00123;
-00752;+16796;+00764;+03837;-00374;-00021;+00162;
-00912;+16580;+01032;+03838;-00406;-00067;+00209;
-00616;+16500;+00980;+03838;-00439;-00129;+00282;
-00068;+16564;+01080;+03838;-00447;-00185;+00376;
+00288;+16724;+01180;+03838;-00445;-00229;+00465;
+00584;+16776;+01228;+03837;-00433;-00242;+00532;
+00524;+17000;+01072;+03837;-00414;-00227;+00574;
+00188;+16892;+00984;+03837;-00407;-00203;+00599;
+00384;+16748;+00908;+03838;-00405;-00137;+00624;
+00692;+16568;+00856;+03838;-00411;-00025;+00653;
+00856;+16696;+00880;+03838;-00413;+00122;+00667;
+01020;+17004;+00488;+03837;-00410;+00291;+00658;
+01404;+17320;+00940;+03836;-00421;+00484;+00616;
+01096;+17792;-00768;+03835;-00451;+00686;+00505;
+00516;+17532;+00332;+03836;-00551;+00715;+00309;
+00044;+16916;+01024;+03837;-00688;+00563;+00104;
-00068;+16512;+00820;+03837;-00805;+00467;-00030;
-00052;+16332;+01036;+03836;-00943;+00519;-00054;
-00100;+16144;+01272;+03834;-01083;+00664;+00021;
-00456;+16044;+01748;+03835;-01175;+00896;+00176;
-00460;+16320;+01056;+03834;-01244;+01169;+00365;
-00932;+16512;+01640;+03833;-01223;+01403;+00550;
-01476;+16488;+01608;+03833;-01131;+01542;+00705;
-01512;+16120;+02364;+03835;-00994;+01553;+00840;
-01116;+16200;+01920;+03837;-00780;+01531;+01020;
-00788;+16528;+01676;+03838;-00580;+01545;+01249;
-00488;+16484;+01440;+03837;-00429;+01491;+01523;
-00156;+16636;+01840;+03837;-00280;+01364;+01862;
+00328;+17008;+01464;+03836;-00117;+01220;+02250;
+00596;+16664;+01712;+03835;+00106;+01055;+02657;
+00668;+16756;+00844;+03837;+00342;+00850;+03056;
+00952;+16596;+00792;+03836;+00574;+00538;+03439;
+01152;+16756;+00776;+03835;+00744;+00194;+03807;
+01720;+17128;+00960;+03837;+00850;-00141;+04131;
+01900;+17296;+01012;+03837;+00874;-00400;+04346;
+01724;+17116;+01548;+03837;+00872;-00584;+04436;
+01476;+16716;+01476;+03837;+00832;-00661;+04443;
+00792;+16052;+01308;+03837;+00816;-00705;+04456;
+00796;+15952;+01068;+03836;+00835;-00807;+04562;
+00940;+16292;+00740;+03836;+00896;-01006;+04792;
+01528;+16136;+00904;+03836;+00999;-01284;+05126;
+02688;+16404;+01088;+03836;+01082;-01550;+05504;
+03056;+16156;+00620;+03836;+01076;-01679;+05819;
+03552;+16248;+00744;+03835;+00992;-01647;+06042;
+03768;+16332;+00892;+03834;+00843;-01479;+06180;
+03496;+16624;+01136;+03835;+00615;-01178;+06193;
+03328;+16948;+00840;+03837;+00378;-00816;+06118;
+03452;+16680;+01212;+03837;+00205;-00491;+05999;
+03820;+16860;+00816;+03837;+00094;-00233;+05910;
+03860;+16912;+00824;+03837;+00004;-00042;+05839;
+03600;+16904;+00092;+03837;-00089;+00084;+05724;
+03352;+16676;+00432;+03837;-00217;+00150;+05518;
+03332;+16396;+00888;+03835;-00360;+00201;+05264;
+02972;+15812;+01500;+03834;-00501;+00331;+05008;
+03072;+15444;+00980;+03833;-00603;+00498;+04805;
+03436;+15032;+00680;+03834;-00693;+00665;+04690;
+03880;+15256;+00700;+03832;-00790;+00818;+04664;
+03232;+16100;+00516;+03832;-00828;+00865;+04712;
+04052;+16960;+00996;+03832;-00868;+00770;+04859;
+04072;+17152;+01180;+03832;-00842;+00641;+04973;
+03968;+16556;+01276;+03831;-00787;+00544;+04997;
+03788;+15956;+00956;+03831;-00738;+00481;+04952;
+03884;+15500;+01208;+03834;-00667;+00391;+04916;
+04384;+15036;+01032;+03835;-00610;+00352;+04947;
+04312;+14732;+01340;+03835;-00518;+00348;+05073;
+04536;+14988;+00928;+03835;-00427;+00386;+05300;
+05184;+15280;+01532;+03834;-00381;+00480;+05591;
+05176;+16168;+01752;+03832;-00400;+00586;+05831;
+04832;+17020;+01584;+03832;-00414;+00684;+05966;
+04460;+16888;+01600;+03833;-00372;+00742;+06028;
+05188;+16256;+02636;+03835;-00285;+00841;+06076;
+05896;+15036;+00948;+03836;-00140;+01085;+06101;
+06228;+13992;+01616;+03836;-00106;+01454;+06132;
+06488;+13688;+01524;+03836;-00208;+01936;+06266;
+06712;+13920;+01076;+03837;-00353;+02474;+06531;
+06436;+14652;+00392;+03836;-00495;+02840;+06845;
+06164;+15744;+00788;+03836;-00701;+02924;+07091;
+06144;+15920;+02108;+03835;-00873;+02751;+07208;
+06580;+16156;+01136;+03835;-00999;+02471;+07209;
+06572;+15544;+02092;+03835;-01063;+02182;+07165;
+06440;+14976;+02108;+03836;-01087;+01983;+07105;
+06212;+14740;+01412;+03836;-01057;+01890;+07071;
+06004;+14208;+01208;+03835;-01005;+01815;+07090;
+06352;+14360;+01008;+03833;-00967;+01686;+07173;
+07108;+14628;+00860;+03833;-00930;+01489;+07287;
+07100;+14884;+01496;+03834;-00890;+01202;+07371;
+06956;+15012;+02148;+03834;-00818;+00846;+07373;
+07156;+14964;+01600;+03833;-00658;+00470;+07294;
+07464;+14620;+01264;+03835;-00449;+00139;+07157;
+07716;+14120;+00936;+03834;-00222;-00149;+07010;
+07956;+13716;+00980;+03832;+00018;-00428;+06930;
+08024;+13640;+00752;+03831;+00236;-00738;+06938;
+08028;+14040;+00584;+03832;+00460;-01117;+07012;
+07940;+13908;+00956;+03834;+00661;-01515;+07097;
+07972;+14108;+00960;+03832;+00816;-01854;+07174;
+08616;+14044;+01016;+03830;+00909;-02084;+07240;
+09772;+14016;+00624;+03830;+00953;-02207;+07299;
+10544;+13332;+00972;+03832;+00927;-02218;+07313;
+10348;+12952;+01372;+03833;+00817;-02085;+07265;
+09632;+12960;+01128;+03833;+00658;-01801;+07205;
+09068;+12696;+00904;+03833;+00468;-01447;+07193;
+08820;+12380;+00876;+03833;+00240;-01105;+07280;
+09080;+12800;+00236;+03832;+00010;-00831;+07481;
+09484;+13240;+00852;+03833;-00198;-00673;+07726;
+10088;+13548;+00804;+03832;-00404;-00570;+07919;
+10616;+13148;+00848;+03832;-00599;-00429;+08013;
+10508;+12400;+00924;+03833;-00829;-00167;+08033;
+10616;+11680;+00780;+03836;-01091;+00273;+08069;
+10648;+11464;+00188;+03834;-01406;+00852;+08174;
+10528;+11244;+00876;+03832;-01752;+01441;+08347;
+10372;+11108;+01108;+03833;-02097;+01861;+08525;
+10268;+10980;+01412;+03833;-02345;+02030;+08697;
+10452;+10956;+01044;+03834;-02463;+01935;+08865;
+09936;+10644;+01444;+03835;-02433;+01571;+09030;
+09788;+10456;+01040;+03834;-02315;+00989;+09170;
+09472;+10484;+02396;+03832;-02146;+00344;+09305;
+10048;+10896;+02176;+03831;-01943;-00182;+09476;
+10888;+10900;+02220;+03831;-01713;-00542;+09646;
+11220;+10304;+01728;+03833;-01469;-00795;+09781;
+11944;+10312;+01412;+03833;-01200;-00980;+09898;
+13064;+11332;+01328;+03835;-00944;-01126;+09995;
+15032;+13244;+02980;+03834;-00689;-01221;+09957;
+15740;+13872;+04080;+03834;-00428;-01164;+09534;
+15580;+13664;+03236;+03834;-00186;-00680;+08710;
+14768;+12332;+01928;+03833;+00127;+00080;+07758;
+14972;+11688;+01368;+03832;+00469;+00841;+06971;
+15088;+10968;+02312;+03832;+00744;+01489;+06390;
+14648;+10148;+02396;+03832;+00965;+02024;+05923;
+14536;+10012;+01464;+03833;+01193;+02443;+05531;
+14428;+10152;+00508;+03833;+01360;+02706;+05196;
+13868;+10528;+00248;+03834;+01389;+02784;+04891;
+13284;+11148;+00992;+03834;+01301;+02721;+04608;
+13524;+11540;+01880;+03834;+01143;+02572;+04391;
+13832;+11492;+02652;+03834;+00986;+02392;+04251;
+14108;+10912;+01964;+03836;+00897;+02201;+04183;
+14468;+10180;+01516;+03836;+00875;+02015;+04204;
+13840;+09252;+01656;+03836;+00874;+01813;+04291;
+10672;+04752;+01076;+03836;+00842;+01564;+04508;
+13748;+07208;-01356;+03836;+00778;+00976;+05099;
+13096;+04684;+00052;+03835;+00596;-00032;+05884;
+15532;+07888;-01716;+03834;+00379;-01254;+06600;
+16252;+09076;+02028;+03834;+00117;-02377;+07152;
+16372;+09356;+02812;+03833;-00352;-02865;+07354;
+16072;+08996;+02232;+03834;-00877;-02620;+07273;
+15328;+08212;+02288;+03836;-01356;-02013;+06992;
+15060;+07388;+01656;+03834;-01708;-01426;+06618;
+14036;+07416;+01204;+03833;-01903;-01060;+06253;
+13452;+07212;+00360;+03833;-01983;-00990;+05961;
+13372;+06664;+00868;+03833;-01990;-01150;+05753;
+13688;+06360;+01656;+03834;-01982;-01497;+05598;
+13732;+06296;+01612;+03834;-01947;-01931;+05433;
+14032;+06480;+01332;+03835;-01923;-02224;+05266;
+14664;+06648;+01180;+03835;-01929;-02273;+05126;
+14760;+07124;+01116;+03837;-01948;-02138;+05007;
+14700;+07576;+01548;+03836;-01973;-01888;+04884;
+14976;+07664;+01980;+03835;-02000;-01561;+04715;
+14496;+07632;+02032;+03835;-01987;-01233;+04488;
+14428;+07776;+02172;+03834;-01928;-00956;+04275;
+14892;+07908;+02224;+03834;-01856;-00730;+04135;
+14560;+07596;+02680;+03834;-01765;-00550;+04028;
+14016;+07064;+02532;+03834;-01589;-00412;+03932;
+13856;+06608;+02204;+03834;-01349;-00287;+03905;
+13888;+05984;+01560;+03833;-01083;-00167;+03965;
+14324;+05676;+00716;+03832;-00844;-00041;+04124;
+14736;+05692;+00408;+03833;-00679;+00077;+04347;
+15288;+06120;+00916;+03833;-00641;+00122;+04566;
+15836;+06632;+01188;+03834;-00700;+00107;+04737;
+15540;+06556;+02060;+03835;-00836;+00087;+04838;
+15364;+06192;+02124;+03833;-00978;+00087;+04898;
+15324;+05644;+01120;+03832;-01038;+00076;+04972;
+15524;+05376;+00872;+03834;-01053;-00043;+05054;
+16040;+05456;+01380;+03834;-01103;-00264;+05096;
+16684;+05720;+01616;+03835;-01176;-00471;+05095;
+16520;+05952;+01268;+03836;-01201;-00601;+05045;
+16068;+05760;+01488;+03835;-01179;-00697;+04955;
+15936;+05232;+01628;+03834;-01103;-00794;+04871;
+16276;+05212;+01812;+03835;-01015;-00859;+04826;
+16620;+05728;+02204;+03834;-00941;-00894;+04770;
+16288;+06136;+02440;+03834;-00884;-00849;+04622;
+15612;+05696;+02432;+03834;-00838;-00613;+04420;
+14832;+05056;+01736;+03834;-00789;-00181;+04238;
+14688;+04572;+01536;+03834;-00765;+00266;+04128;
+15188;+04412;+01580;+03834;-00739;+00555;+04117;
+15600;+04660;+01572;+03833;-00666;+00609;+04174;
+15928;+04884;+01336;+03832;-00540;+00450;+04252;
+15864;+04740;+01472;+03832;-00380;+00180;+04314;
+15524;+04272;+01572;+03834;-00213;-00044;+04340;
+15016;+03708;+02992;+03833;-00119;-00102;+04339;
+17144;+03992;+01536;+03832;-00091;-00049;+04345;
+17448;+03992;+01564;+03831;-00087;+00058;+04341;
+16648;+03540;+01360;+03831;-00113;+00198;+04307;
+16288;+03536;+00564;+03832;-00168;+00347;+04276;
+16132;+03800;+01356;+03832;-00295;+00418;+04237;
+16072;+04076;+01628;+03832;-00445;+00418;+04157;
+16964;+04584;+01724;+03831;-00602;+00415;+04050;
+17756;+04656;+01992;+03831;-00739;+00431;+03900;
+17868;+04672;+02380;+03830;-00816;+00455;+03673;
+17204;+04400;+02916;+03832;-00821;+00487;+03368;
+16944;+03852;+02356;+03832;-00760;+00543;+03042;
+16684;+02980;+00500;+03831;-00648;+00632;+02758;
+16564;+02836;+00036;+03833;-00574;+00689;+02525;
+16556;+03136;+00808;+03832;-00613;+00680;+02307;
+16460;+03392;+01536;+03831;-00735;+00609;+02086;
+15764;+03272;+02092;+03833;-00885;+00503;+01854;
+15144;+03248;+02032;+03833;-00995;+00353;+01668;
+15416;+03352;+01488;+03833;-01029;+00123;+01588;
+16044;+03284;+01764;+03833;-01028;-00179;+01579;
+16152;+03512;+02100;+03834;-01000;-00479;+01576;
+15792;+03708;+02248;+03834;-00953;-00715;+01543;
+16088;+03488;+01584;+03834;-00883;-00867;+01497;
+16068;+02968;+01068;+03833;-00805;-00950;+01444;
+16120;+02820;+01180;+03833;-00756;-01003;+01372;
+16340;+03164;+01776;+03833;-00755;-01021;+01305;
+16416;+03392;+02136;+03831;-00760;-01001;+01234;
+16032;+03100;+02048;+03833;-00764;-00928;+01142;
+15856;+03000;+01724;+03833;-00753;-00786;+01071;
+15672;+02840;+01616;+03834;-00748;-00600;+01050;
+16332;+02780;+01504;+03833;-00748;-00435;+01106;
+16636;+02820;+01568;+03831;-00724;-00311;+01228;
+16700;+02996;+01708;+03832;-00670;-00253;+01386;
+16776;+03000;+01772;+03831;-00600;-00242;+01564;
+16964;+03016;+01612;+03831;-00509;-00247;+01756;
+17452;+02888;+01656;+03831;-00422;-00264;+01916;
+17480;+02592;+01492;+03832;-00365;-00261;+02008;
+17256;+02320;+01180;+03831;-00339;-00203;+02061;
+16968;+02264;+01132;+03830;-00350;-00109;+02114;
+16716;+02344;+01480;+03830;-00395;-00028;+02146;
+16804;+02524;+01552;+03830;-00453;+00013;+02139;
+16240;+02192;+01832;+03829;-00509;+00023;+02100;
+15840;+02212;+01588;+03830;-00551;+00031;+02084;
+15860;+02376;+01584;+03831;-00568;+00019;+02133;
+15848;+02356;+01688;+03832;-00561;-00015;+02225;
+15808;+02364;+01652;+03831;-00548;-00052;+02320;
+16316;+02532;+01620;+03832;-00533;-00085;+02388;
+17016;+02668;+01556;+03831;-00521;-00128;+02413;
+17468;+02432;+01480;+03830;-00502;-00150;+02378;
+17532;+02376;+01368;+03831;-00480;-00144;+02276;
+17196;+02268;+01768;+03831;-00447;-00127;+02112;
+16632;+01896;+01920;+03832;-00404;-00107;+01914;
+16576;+01692;+01388;+03833;-00349;-00081;+01723;
+15960;+01384;+01316;+03832;-00300;-00060;+01560;
+16440;+01956;+01076;+03832;-00288;-00022;+01473;
+16956;+02488;+01764;+03833;-00300;+00020;+01441;
+16880;+02620;+01748;+03832;-00303;+00067;+01389;
+16856;+02452;+01680;+03832;-00281;+00110;+01282;
+16700;+02140;+01784;+03832;-00257;+00139;+01145;
+16576;+02016;+01812;+03832;-00222;+00154;+01010;
+16628;+01772;+02104;+03831;-00153;+00118;+00926;
+16608;+01612;+01632;+03830;-00029;+00018;+00878;
+16272;+01352;+01284;+03831;+00106;-00098;+00824;
+16264;+01396;+01092;+03831;+00191;-00172;+00745;
+16240;+01580;+01424;+03832;+00203;-00201;+00643;
+16304;+01840;+01748;+03833;+00169;-00211;+00526;
+16540;+01944;+01344;+03832;+00139;-00230;+00426;
+16504;+01896;+01304;+03832;+00122;-00250;+00350;
+16448;+01700;+01308;+03832;+00110;-00272;+00293;
+16336;+01628;+01696;+03831;+00107;-00326;+00248;
+16288;+01524;+01360;+03831;+00117;-00408;+00211;
+16184;+01392;+01340;+03833;+00130;-00490;+00167;
+16280;+01572;+01500;+03835;+00133;-00558;+00126;
+16476;+01588;+01564;+03835;+00129;-00616;+00098;
+16940;+01688;+01420;+03834;+00122;-00645;+00075;
+17252;+01664;+01296;+03834;+00113;-00630;+00026;
+16984;+01648;+01152;+03834;+00093;-00592;-00067;
+16472;+01640;+01156;+03832;+00060;-00543;-00189;
+16128;+01712;+01244;+03830;+00025;-00508;-00301;
+16288;+01784;+01348;+03829;-00002;-00500;-00379;
+16716;+01656;+01184;+03827;-00021;-00514;-00442;
+17072;+01624;+01580;+03827;-00045;-00543;-00524;
+17064;+01728;+00812;+03828;-00079;-00606;-00631;
+16980;+01716;+01280;+03830;-00125;-00682;-00742;
+16904;+01772;+01708;+03831;-00191;-00798;-00839;
+17364;+01560;+01940;+03831;-00239;-00972;-00914;
+16004;+01532;+01384;+03831;-00236;-01184;-00997;
+16136;+01544;+00860;+03831;-00203;-01363;-01036;
+15836;+01772;+00568;+03832;-00186;-01475;-01015;
+15648;+02124;+00924;+03832;-00211;-01509;-00952;
+15960;+02204;+01172;+03831;-00252;-01490;-00842;
+16368;+02088;+01296;+03832;-00248;-01445;-00706;
+16616;+01924;+01016;+03831;-00193;-01393;-00596;
+16744;+01728;+00976;+03831;-00121;-01325;-00531;
+16488;+01752;+00872;+03830;-00058;-01235;-00506;
+16252;+01868;+00864;+03831;-00016;-01117;-00503;
+16080;+02044;+00692;+03830;+00004;-00970;-00483;
+16016;+02136;+00820;+03832;+00006;-00804;-00435;
+16084;+01940;+00728;+03832;+00003;-00645;-00360;
+16176;+01908;+00880;+03832;-00002;-00504;-00262;
+16300;+01968;+00732;+03831;-00013;-00383;-00160;
+16636;+01916;+00952;+03831;-00015;-00290;-00062;
+16676;+01884;+01060;+03831;-00023;-00193;+00035;
+16580;+01760;+00436;+03831;-00016;-00077;+00121;
+16384;+01852;+00544;+03831;-00007;+00067;+00188;
+16272;+01780;+00640;+03832;-00005;+00237;+00251;
+16404;+01792;+00744;+03833;-00016;+00397;+00319;
+16580;+01884;+01012;+03833;-00042;+00528;+00363;
+16352;+01972;+01208;+03833;-00067;+00629;+00391;
+16308;+01908;+01036;+03833;-00064;+00721;+00435;
+16520;+01724;+01004;+03832;-00036;+00813;+00491;
+16740;+01596;+01100;+03833;-00006;+00891;+00547;
+16484;+01320;+01028;+03832;+00013;+00937;+00590;
+16272;+01988;+01608;+03831;+00027;+00946;+00652;
+16196;+01804;+00636;+03829;+00079;+00963;+00748;
+16088;+01672;+01164;+03830;+00123;+00995;+00834;
+16328;+01628;+01216;+03832;+00139;+01015;+00916;
+16652;+01488;+00996;+03832;+00161;+01036;+00981;
+16416;+01292;+03404;+03834;+00164;+01047;+00970;
+17172;+01568;+01056;+03834;+00162;+00970;+00879;
+17128;+01424;+00960;+03833;+00143;+00818;+00741;
+16436;+01776;+00672;+03832;+00099;+00661;+00570;
+15732;+01932;+01428;+03832;+00016;+00550;+00411;
+15696;+01936;+01732;+03830;-00081;+00467;+00313;
+16296;+01692;+01260;+03830;-00092;+00408;+00317;
+16424;+01512;+01036;+03830;-00070;+00371;+00391;
+16540;+01336;+00920;+03829;-00060;+00344;+00450;
+16564;+01332;+01052;+03830;-00107;+00317;+00453;
+16412;+01480;+01304;+03830;-00214;+00246;+00405;
+16256;+01604;+01244;+03831;-00325;+00116;+00325;
+16192;+01860;+01124;+03830;-00386;-00027;+00259;
+16740;+01384;+01176;+03830;-00386;-00122;+00263;
+17116;+01256;+01296;+03832;-00344;-00177;+00311;
+16960;+01180;+01136;+03831;-00284;-00208;+00320;
+16900;+01196;+01144;+03830;-00222;-00215;+00247;
+16868;+01364;+01356;+03831;-00184;-00191;+00092;
+16540;+01452;+01564;+03830;-00153;-00147;-00107;
+16604;+01620;+01272;+03831;-00096;-00091;-00281;
+16540;+01516;+02000;+03831;-00017;-00023;-00382;
+16648;+01608;+01120;+03832;+00052;+00042;-00417;
+16580;+01560;+01080;+03833;+00077;+00115;-00423;
+16288;+01676;+00984;+03833;+00069;+00179;-00424;
+16128;+01784;+01168;+03833;+00033;+00214;-00424;
+16004;+01836;+01188;+03833;-00034;+00195;-00424;
+15944;+01800;+01212;+03833;-00122;+00133;-00418;
+15944;+01832;+01280;+03834;-00217;+00044;-00391;
+16160;+01804;+01180;+03834;-00313;-00060;-00342;
+16192;+01708;+01260;+03834;-00406;-00165;-00287;
+16320;+01624;+01348;+03833;-00496;-00265;-00238;
+16364;+01520;+01512;+03832;-00569;-00371;-00199;
+16420;+01364;+01532;+03832;-00600;-00476;-00182;
+16436;+01400;+01332;+03831;-00574;-00580;-00176;
+16528;+01420;+01252;+03831;-00522;-00660;-00177;
+16672;+01572;+01164;+03833;-00459;-00714;-00166;
+16644;+01624;+00936;+03834;-00399;-00740;-00154;
+16668;+01592;+00828;+03834;-00341;-00764;-00149;
+16820;+01632;+00920;+03834;-00308;-00787;-00165;
+16924;+01448;+01020;+03834;-00300;-00803;-00216;
+16864;+01292;+00780;+03834;-00298;-00802;-00310;
+16976;+01044;+00640;+03833;-00308;-00788;-00437;
+16924;+01168;+00644;+03832;-00351;-00759;-00588;
+16620;+01532;+00872;+03832;-00426;-00717;-00757;
+16352;+01848;+01340;+03834;-00492;-00665;-00925;
+15784;+01952;+01004;+03834;-00484;-00579;-01075;
+15836;+01980;+00896;+03833;-00438;-00446;-01144;
+15868;+01960;+01104;+03833;-00379;-00283;-01113;
+16024;+01936;+01196;+03832;-00305;-00124;-01007;
+16200;+01880;+01008;+03833;-00222;-00002;-00873;
+16344;+01908;+00732;+03833;-00155;+00081;-00753;
+16364;+01888;+00700;+03833;-00119;+00134;-00672;
+16212;+01984;+00900;+03833;-00109;+00171;-00612;
+16296;+02012;+01148;+03833;-00099;+00199;-00553;
+16108;+02116;+01084;+03832;-00073;+00215;-00475;
+16064;+02028;+01000;+03832;-00030;+00211;-00375;
+16112;+01992;+01020;+03833;+00001;+00192;-00269;
+16184;+01972;+01024;+03834;+00003;+00145;-00176;
+16332;+01808;+01044;+03834;-00028;+00069;-00108;
+16460;+01784;+01048;+03833;-00079;-00029;-00063;
+16616;+01756;+01176;+03833;-00129;-00128;-00040;
+16528;+01752;+01128;+03832;-00161;-00202;-00026;
+16488;+01836;+01020;+03832;-00165;-00242;-00018;
+16616;+01848;+00960;+03832;-00136;-00258;-00006;
+16752;+01776;+00960;+03834;-00094;-00259;+00001;
+16752;+01824;+00872;+03834;-00052;-00259;-00016;
+16724;+01840;+00780;+03834;-00019;-00264;-00064;
+16684;+01792;+00868;+03835;-00003;-00276;-00140;
+16476;+01848;+00788;+03833;-00009;-00287;-00227;
+16192;+01880;+00828;+03834;-00017;-00294;-00303;
+16024;+01932;+00768;+03834;-00021;-00294;-00350;
+16124;+01968;+00832;+03833;-00028;-00284;-00352;
+16392;+02012;+00748;+03833;-00042;-00268;-00324;
+16476;+01924;+00664;+03834;-00061;-00247;-00297;
+16536;+01856;+00812;+03834;-00095;-00220;-00269;
+16488;+01856;+00920;+03832;-00134;-00171;-00241;
+16332;+01904;+00844;+03832;-00154;-00112;-00219;
+16288;+01992;+00808;+03832;-00156;-00052;-00206;
+16156;+01908;+00780;+03832;-00153;+00002;-00198;
+16148;+01828;+00892;+03833;-00150;+00032;-00192;
+16264;+01832;+00852;+03832;-00147;+00043;-00170;
+16528;+01784;+00844;+03832;-00146;+00046;-00140;
+16544;+01824;+01032;+03833;-00153;+00058;-00105;
+16584;+01800;+00912;+03834;-00152;+00078;-00072;
+16188;+02000;+01296;+03835;-00145;+00111;-00057;
+16148;+01868;+00956;+03837;-00112;+00162;-00065;
+16348;+01744;+00796;+03836;-00044;+00235;-00074;
+16444;+01928;+00760;+03835;-00005;+00294;-00073;
+16464;+01824;+01084;+03835;-00022;+00318;-00052;
+16584;+01848;+01020;+03835;-00048;+00313;-00023;
+16432;+01844;+00920;+03833;-00068;+00278;-00020;
+16244;+01936;+00856;+03832;-00088;+00210;-00043;
+16196;+01952;+00956;+03835;-00118;+00122;-00067;
+16332;+02096;+01168;+03835;-00152;+00008;-00067;
+16284;+02068;+01056;+03834;-00181;-00118;-00045;
+16420;+02064;+00948;+03834;-00191;-00235;+00000;
+16356;+01888;+01068;+03834;-00197;-00317;+00062;
+16140;+01788;+01012;+03833;-00188;-00350;+00107;
+16224;+01756;+00860;+03834;-00165;-00339;+00124;
+16236;+01828;+00864;+03832;-00133;-00307;+00128;
+16408;+01924;+00940;+03833;-00116;-00279;+00133;
+16632;+01888;+00996;+03834;-00111;-00270;+00139;
+16668;+01912;+00848;+03832;-00112;-00258;+00142;
+16632;+01896;+01060;+03833;-00112;-00232;+00138;
+16652;+01832;+00820;+03833;-00104;-00191;+00128;
+16572;+01776;+00788;+03833;-00087;-00142;+00101;
+16556;+01732;+00824;+03832;-00077;-00096;+00065;
+16740;+01848;+01064;+03833;-00080;-00072;+00030;
+16656;+01748;+00664;+03833;-00081;-00077;-00018;
+16492;+01740;+00380;+03833;-00097;-00119;-00101;
+16232;+01792;+01068;+03834;-00160;-00222;-00207;
+16364;+01828;+01072;+03836;-00241;-00392;-00287;
+16572;+01988;+00896;+03836;-00283;-00598;-00314;
+16904;+01984;+00952;+03834;-00285;-00794;-00313;
+16400;+01848;+00712;+03834;-00265;-00933;-00315;
+16388;+01864;+00712;+03835;-00239;-01000;-00320;
+16200;+01792;+00508;+03835;-00196;-01001;-00335;
+16160;+01944;+00344;+03834;-00144;-00951;-00350;
+16572;+01904;+00432;+03833;-00123;-00883;-00362;
+17016;+01564;+00292;+03832;-00150;-00858;-00415;
+17356;+01308;+00488;+03832;-00216;-00907;-00554;
+17564;+01352;+00816;+03832;-00289;-01028;-00769;
+17492;+01596;+00652;+03833;-00340;-01151;-00991;
+16672;+02296;+00636;+03832;-00340;-01172;-01158;
+15976;+02540;+00020;+03833;-00308;-01083;-01236;
+15484;+02692;+00176;+03834;-00272;-00912;-01225;
+15176;+02684;+00192;+03835;-00246;-00697;-01134;
+15432;+02536;+00808;+03834;-00215;-00451;-00979;
+15960;+02384;+00624;+03833;-00159;-00213;-00787;
+16428;+02160;+00252;+03835;-00074;+00017;-00597;
+16292;+02040;+00680;+03835;-00011;+00213;-00461;
+16208;+02056;+01020;+03835;+00007;+00336;-00373;
+15240;+01780;+01388;+03834;+00046;+00407;-00321;
+15088;+02148;+01032;+03833;+00128;+00460;-00244;
+15528;+02200;+00764;+03832;+00206;+00508;-00081;
+16248;+02416;+00692;+03832;+00276;+00549;+00119;
+16768;+02424;-00108;+03830;+00348;+00574;+00313;
+16984;+02236;-00048;+03830;+00355;+00555;+00443;
+16892;+01804;+00168;+03832;+00300;+00493;+00497;
+16920;+01652;+00344;+03833;+00216;+00421;+00488;
+16868;+01832;+00292;+03834;+00124;+00365;+00446;
+16668;+02020;+00448;+03834;+00032;+00322;+00379;
+16876;+02096;+00752;+03834;-00066;+00273;+00305;
+16780;+02104;+00828;+03833;-00135;+00220;+00237;
+16716;+02012;+00804;+03832;-00157;+00150;+00171;
+16512;+01928;+00868;+03832;-00152;+00053;+00106;
+16400;+01864;+00684;+03833;-00128;-00057;+00045;
+16436;+01820;+00692;+03831;-00100;-00159;-00019;
+16520;+01812;+00576;+03830;-00078;-00242;-00084;
+16568;+02004;+00636;+03830;-00066;-00307;-00150;
+16644;+02112;+00556;+03830;-00059;-00349;-00211;
+16532;+02172;+00500;+03830;-00056;-00381;-00256;
+16372;+02108;+00520;+03829;-00060;-00409;-00279;
+16152;+02088;+00488;+03830;-00067;-00434;-00282;
+16076;+02096;+00416;+03830;-00070;-00442;-00260;
+16048;+02104;+00520;+03831;-00080;-00433;-00216;
+16120;+02064;+00496;+03832;-00095;-00415;-00163;
+16128;+02104;+00648;+03831;-00115;-00395;-00108;
+16176;+02040;+00648;+03829;-00129;-00379;-00055;
+16128;+01988;+00744;+03828;-00135;-00372;-00001;
+16184;+02012;+00744;+03831;-00123;-00372;+00061;
+16460;+01976;+00320;+03832;-00101;-00370;+00132;
+17292;+01888;-00592;+03832;-00100;-00355;+00193;
+17516;+01948;-00408;+03831;-00186;-00301;+00197;
+17368;+01876;-00544;+03832;-00318;-00186;+00121;
+17348;+02008;-00376;+03832;-00493;-00057;-00009;
+17508;+02020;+00180;+03832;-00696;+00052;-00186;
+17068;+02112;+01608;+03832;-00895;+00126;-00408;
+15864;+01716;+01032;+03831;-01015;+00097;-00639;
+15732;+01992;+00596;+03833;-01012;+00024;-00800;
+15168;+02172;+01084;+03834;-00971;-00051;-00870;
+15408;+02392;+00820;+03833;-00913;-00124;-00857;
+15664;+02456;+00596;+03832;-00845;-00184;-00773;
+15984;+02436;+00856;+03833;-00769;-00235;-00657;
+16196;+02284;+01116;+03832;-00661;-00273;-00516;
+16708;+02304;+00540;+03830;-00527;-00285;-00385;
+16768;+02320;+00168;+03829;-00398;-00269;-00296;
+16656;+02044;-00656;+03829;-00302;-00210;-00261;
+16792;+02056;-00724;+03830;-00298;-00117;-00268;
+16960;+02088;-00416;+03829;-00376;+00015;-00282;
+16756;+01964;-00316;+03830;-00517;+00136;-00310;
+16840;+01732;+00088;+03830;-00677;+00225;-00355;
+17284;+02064;-00592;+03831;-00822;+00275;-00419;
+16280;+01968;+00616;+03830;-00979;+00347;-00504;
+15932;+01964;+00856;+03832;-01117;+00463;-00591;
+15788;+02412;+00044;+03831;-01215;+00534;-00651;
+17088;+02556;+00164;+03832;-01277;+00596;-00677;
+15688;+02504;+02132;+03831;-01243;+00671;-00669;
+15572;+02484;+01344;+03829;-01133;+00770;-00643;
+15632;+02308;+00828;+03829;-00984;+00837;-00598;
+16172;+02232;+00828;+03831;-00827;+00877;-00496;
+17112;+02376;+00880;+03831;-00672;+00946;-00343;
+17228;+02224;+00896;+03832;-00555;+01052;-00227;
+17344;+02232;+00880;+03832;-00461;+01158;-00196;
+16812;+02200;+00808;+03831;-00378;+01244;-00231;
+16128;+02184;+00968;+03829;-00299;+01312;-00319;
+15964;+02196;+00936;+03830;-00228;+01378;-00405;
+16172;+02300;+01032;+03829;-00169;+01454;-00463;
+16460;+02248;+01172;+03831;-00108;+01534;-00506;
+16288;+02208;+02884;+03831;-00016;+01638;-00564;
+15968;+02320;+01176;+03831;+00192;+01850;-00637;
+16052;+02572;+00980;+03830;+00443;+02159;-00678;
+16248;+02600;+01748;+03829;+00618;+02416;-00644;
+17056;+02788;+01144;+03832;+00727;+02559;-00552;
+16600;+02328;+00204;+03832;+00764;+02540;-00491;
+15836;+01900;+01880;+03830;+00665;+02276;-00541;
+15972;+02192;+00376;+03831;+00568;+02019;-00549;
+16448;+02552;+00160;+03832;+00473;+01905;-00496;
+16500;+02392;+01676;+03831;+00317;+01812;-00473;
+16268;+02360;+01924;+03830;+00164;+01707;-00502;
+15888;+02308;+02112;+03830;+00056;+01588;-00537;
+15632;+02732;+02160;+03830;+00006;+01470;-00501;
+15360;+03196;+02548;+03832;+00034;+01404;-00370;
+16476;+02960;+01056;+03831;+00133;+01373;-00159;
+17096;+02296;+01096;+03830;+00192;+01238;+00005;
+16584;+01860;+01236;+03831;+00137;+00936;+00016;
+15380;+01736;+01172;+03830;+00064;+00583;-00087;
+15780;+02492;+00092;+03828;-00034;+00282;-00184;
+16096;+02780;+01260;+03829;-00221;+00008;-00189;
+16648;+02928;+02132;+03828;-00423;-00271;-00113;
+17460;+02760;+01872;+03828;-00495;-00471;-00021;
+16820;+02528;+01820;+03830;-00416;-00546;+00016;
+16072;+02084;+00920;+03831;-00273;-00562;-00002;
+15864;+02324;+01168;+03832;-00220;-00621;-00051;
+15948;+02420;+01060;+03831;-00242;-00738;-00064;
+15964;+02488;+01608;+03829;-00311;-00899;-00003;
+16324;+02580;+01264;+03829;-00363;-01055;+00090;
+16376;+02428;+00860;+03830;-00381;-01189;+00145;
+16488;+02352;+00432;+03830;-00408;-01320;+00139;
+16400;+02220;+00892;+03832;-00473;-01477;+00100;
+16064;+02256;+00960;+03831;-00567;-01645;+00058;
+16088;+02356;+01392;+03830;-00643;-01788;+00033;
+16004;+02404;+01464;+03830;-00691;-01843;+00042;
+16196;+02512;+01872;+03832;-00692;-01806;+00074;
+16372;+02548;+01416;+03831;-00615;-01659;+00115;
+16360;+02488;+00896;+03831;-00471;-01459;+00162;
+16320;+02792;+00288;+03830;-00340;-01265;+00215;
+16428;+02480;+00964;+03829;-00280;-01093;+00273;
+16648;+02296;+01612;+03829;-00261;-00969;+00292;
+16372;+02488;+00832;+03828;-00243;-00938;+00281;
+16384;+02496;+00400;+03829;-00269;-01002;+00269;
+16200;+02216;+01108;+03829;-00326;-01108;+00277;
+16216;+02016;+01024;+03829;-00351;-01168;+00305;
+16316;+02160;+01164;+03828;-00362;-01180;+00340;
+16544;+02304;+00736;+03827;-00349;-01165;+00368;
+16888;+02312;+00448;+03828;-00321;-01107;+00355;
+16844;+02252;+00564;+03826;-00310;-01030;+00288;
+16472;+02220;+00908;+03826;-00307;-00950;+00207;
+16204;+02244;+00860;+03828;-00294;-00851;+00158;
+15876;+02468;+00648;+03828;-00274;-00745;+00164;
+16264;+02340;+00740;+03828;-00267;-00647;+00212;
+16716;+02240;+00428;+03828;-00281;-00578;+00262;
+16768;+02172;+00288;+03829;-00310;-00548;+00258;
+16700;+02064;+00288;+03831;-00351;-00530;+00222;
+16768;+02240;+00736;+03831;-00388;-00521;+00175;
+16472;+02232;+00372;+03831;-00396;-00467;+00102;
+16092;+02228;+00544;+03829;-00403;-00384;+00010;
+16208;+02284;+00424;+03830;-00432;-00322;-00062;
+16724;+02292;+00336;+03829;-00465;-00322;-00090;
+16608;+02136;+00684;+03828;-00520;-00369;-00089;
+16780;+02172;+00428;+03827;-00573;-00401;-00080;
+16600;+02068;+00380;+03829;-00645;-00417;-00092;
+16004;+02212;+00068;+03832;-00731;-00459;-00113;
+15624;+02356;+02796;+03831;-00817;-00561;-00108;
+16420;+02424;-00104;+03831;-00828;-00549;-00063;
+16640;+02196;+00660;+03831;-00842;-00434;-00009;
+16820;+02248;+00048;+03832;-00874;-00409;+00012;
+16852;+02176;+00252;+03831;-00929;-00439;-00005;
+16544;+02008;+00176;+03830;-01006;-00488;-00062;
+16568;+01844;+00292;+03829;-01122;-00556;-00147;
+16288;+02104;+00216;+03830;-01249;-00690;-00225;
+16624;+02448;+00936;+03830;-01403;-00901;-00278;
+16356;+02716;+00620;+03832;-01538;-01057;-00299;
+16460;+02416;-00708;+03833;-01701;-01229;-00295;
+16360;+01908;-00356;+03833;-01862;-01367;-00295;
+16360;+01876;-00092;+03834;-02043;-01515;-00307;
+16292;+01924;-00340;+03833;-02266;-01601;-00319;
+16300;+02208;+00432;+03831;-02501;-01660;-00327;
+16372;+02316;-00124;+03831;-02745;-01685;-00325;
+16416;+02428;-00468;+03829;-02972;-01727;-00305;
+16304;+02256;-00124;+03829;-03184;-01733;-00255;
+16572;+02164;-00572;+03829;-03392;-01691;-00195;
+16780;+02004;-00276;+03829;-03589;-01638;-00135;
+16320;+02068;+00328;+03830;-03765;-01588;-00099;
+16228;+02544;+00380;+03830;-03890;-01538;-00077;
+15932;+02896;+00104;+03830;-03989;-01449;-00052;
+15968;+03020;+00228;+03830;-04081;-01336;-00015;
+15936;+02744;+00440;+03829;-04167;-01225;+00037;
+15744;+02308;-00388;+03829;-04237;-01137;+00104;
+15976;+01880;-00056;+03829;-04316;-01067;+00201;
+16056;+01916;-00232;+03828;-04408;-00993;+00328;
+16096;+01924;+00228;+03827;-04509;-00886;+00465;
+15976;+02176;+00444;+03829;-04599;-00767;+00605;
+16804;+02696;+00536;+03830;-04659;-00658;+00756;
+17412;+02328;+00576;+03831;-04706;-00581;+00880;
+17472;+02172;-00384;+03832;-04752;-00523;+00923;
+16988;+01580;-00652;+03833;-04835;-00426;+00860;
+16200;+01528;-01536;+03832;-04982;-00302;+00719;
+16136;+01928;-00560;+03832;-05193;-00241;+00573;
+16252;+02180;-00348;+03833;-05453;-00134;+00432;
+16232;+02056;-00468;+03833;-05716;-00085;+00273;
+17140;+01840;-00432;+03833;-05964;-00057;+00129;
+17492;+01940;+00088;+03832;-06213;-00017;-00020;
+17228;+02036;-00512;+03833;-06469;+00077;-00183;
+16856;+01140;+00208;+03833;-06730;+00232;-00340;
+16888;+00884;-00720;+03833;-07044;+00481;-00477;
+17164;+01100;-01380;+03833;-07398;+00735;-00597;
+16808;+01828;-01148;+03833;-07740;+00788;-00720;
+16188;+02040;+00452;+03833;-08012;+00568;-00822;
+15576;+02284;+00976;+03834;-08200;+00159;-00876;
+15432;+02436;+01652;+03832;-08291;-00325;-00856;
+14528;+02340;+02768;+03831;-08290;-00773;-00758;
+14652;+02852;+02456;+03831;-08185;-01113;-00573;
+15320;+02020;-02272;+03833;-08018;-01320;-00352;
+18148;+00900;-03348;+03831;-08002;-01355;-00178;
+19340;+01288;-03648;+03830;-08240;-01292;-00175;
+18916;+01816;-00932;+03831;-08584;-01333;-00374;
+17228;+02060;+01124;+03831;-08903;-01469;-00677;
+15188;+02444;+02680;+03830;-09175;-01592;-00922;
+13940;+01948;+02956;+03830;-09355;-01623;-00975;
+13560;+02072;+03128;+03831;-09442;-01552;-00803;
+13280;+02796;+03536;+03833;-09381;-01437;-00452;
+12748;+03500;+00592;+03833;-09155;-01395;+00023;
+16912;+02920;+00276;+03832;-08937;-01364;+00613;
+19088;+02684;-00504;+03832;-08771;-01392;+01090;
+19384;+02480;-00548;+03833;-08597;-01535;+01285;
+18628;+01976;-00184;+03831;-08468;-01703;+01215;
+17068;+01328;+00752;+03832;-08418;-01710;+00977;
+16176;+01496;+00420;+03831;-08434;-01460;+00701;
+16780;+01864;-00012;+03832;-08505;-00995;+00496;
+16740;+02052;-01012;+03831;-08619;-00476;+00343;
+16740;+01596;-01684;+03831;-08754;-00077;+00198;
+16932;+01520;-00968;+03831;-08905;+00103;+00036;
+16532;+01672;+00376;+03831;-09015;+00096;-00139;
+16436;+02260;+02328;+03831;-09056;-00018;-00295;
+15832;+02256;+03036;+03831;-09002;-00107;-00394;
+15452;+01932;+03088;+03831;-08874;-00061;-00408;
+15228;+01604;+02336;+03830;-08703;+00186;-00348;
+15280;+01696;+01496;+03831;-08525;+00606;-00242;
+15184;+01832;+00468;+03830;-08347;+01042;-00121;
+15536;+02180;-00080;+03832;-08163;+01327;-00021;
+16176;+02300;-00104;+03833;-07946;+01342;+00043;
+15952;+02032;+00096;+03832;-07707;+01084;+00050;
+15552;+01760;+00532;+03833;-07459;+00699;+00025;
+15248;+01356;+01172;+03834;-07264;+00378;+00017;
+15888;+00788;+02660;+03833;-07123;+00225;+00064;
+15548;+01756;+00844;+03833;-06932;+00156;+00174;
+16004;+01916;+01016;+03832;-06755;+00080;+00345;
+16380;+02588;+00864;+03833;-06610;+00002;+00547;
+17372;+02756;+04012;+03833;-06515;-00041;+00714;
+18756;+03328;+00588;+03832;-06551;-00029;+00806;
+18168;+02504;+01880;+03831;-06586;+00059;+00717;
+17180;+02196;+01496;+03831;-06579;+00251;+00487;
+17048;+02504;+01320;+03833;-06604;+00574;+00248;
+16744;+02360;+01448;+03832;-06660;+00979;+00045;
+16564;+02284;+00892;+03832;-06728;+01351;-00112;
+16540;+02016;-00304;+03832;-06813;+01642;-00213;
+16488;+01808;-00808;+03833;-06966;+01836;-00268;
+16992;+02236;-01220;+03831;-07197;+01923;-00289;
+17336;+02504;-00844;+03831;-07486;+01813;-00311;
+17184;+02396;-00052;+03832;-07772;+01500;-00366;
+16752;+02112;+00888;+03833;-08020;+01067;-00445;
+16792;+02204;+01092;+03833;-08234;+00699;-00527;
+16416;+02044;+01296;+03835;-08422;+00473;-00619;
+16028;+01740;+01516;+03836;-08574;+00354;-00720;
+15608;+01556;+01732;+03835;-08700;+00320;-00795;
+15264;+01392;+01664;+03834;-08803;+00332;-00802;
+14780;+01348;+01864;+03834;-08863;+00329;-00729;
+14680;+01396;+01924;+03833;-08849;+00249;-00582;
+15072;+01648;+02044;+03832;-08734;+00036;-00387;
+16308;+02332;+02204;+03831;-08522;-00294;-00202;
+17676;+02524;+02260;+03832;-08246;-00699;-00087;
+18040;+02136;+02144;+03834;-07957;-01100;-00091;
+17436;+01468;+02376;+03833;-07709;-01378;-00174;
+16624;+01308;+01940;+03833;-07524;-01481;-00259;
+15976;+01108;+01860;+03833;-07370;-01494;-00278;
+15668;+01504;+01516;+03833;-07220;-01516;-00218;
+15144;+01820;+01440;+03831;-07060;-01549;-00103;
+15704;+02272;+01812;+03831;-06891;-01546;+00030;
+16808;+02568;+01472;+03830;-06702;-01559;+00128;
+17332;+02364;+00732;+03830;-06515;-01566;+00122;
+17648;+02144;+00380;+03830;-06387;-01500;+00017;
+17636;+01960;+00352;+03831;-06349;-01347;-00139;
+17048;+01800;+00324;+03831;-06407;-01114;-00299;
+16968;+02020;+00456;+03832;-06526;-00854;-00420;
+16924;+01972;+01120;+03831;-06657;-00660;-00485;
+16480;+01908;+01608;+03830;-06762;-00560;-00529;
+15916;+01772;+01644;+03831;-06816;-00497;-00554;
+15992;+01576;+01372;+03832;-06832;-00459;-00552;
+15988;+01548;+01392;+03833;-06837;-00435;-00532;
+16236;+01616;+01476;+03834;-06852;-00406;-00505;
+16444;+01700;+01304;+03835;-06876;-00372;-00464;
+16660;+01564;+01560;+03835;-06911;-00334;-00418;
+16416;+01616;+01252;+03834;-06935;-00276;-00375;
+16316;+01596;+01664;+03831;-06920;-00223;-00325;
+16004;+01500;+01700;+03833;-06854;-00196;-00265;
+15568;+01580;+01600;+03834;-06726;-00178;-00203;
+15528;+01888;+01484;+03832;-06581;-00210;-00138;
+15744;+02052;+01064;+03831;-06474;-00288;-00085;
+16108;+01900;+01180;+03833;-06433;-00385;-00046;
+16332;+01832;+01240;+03832;-06439;-00478;-00028;
+16672;+01832;+00804;+03832;-06472;-00528;-00021;
+17048;+01764;+00640;+03831;-06532;-00547;-00005;
+16984;+01772;+01104;+03831;-06617;-00564;+00011;
+16828;+01832;+00844;+03832;-06711;-00532;+00023;
+16452;+01808;+01532;+03833;-06807;-00480;+00026;
+16144;+01740;+01644;+03832;-06883;-00417;+00025;
+16148;+01624;+02136;+03832;-06921;-00384;+00017;
+16676;+01576;+01864;+03831;-06909;-00424;+00006;
+16552;+01468;+01444;+03831;-06861;-00462;-00020;
+16376;+01404;+01408;+03830;-06797;-00447;-00045;
+16220;+01308;+01380;+03831;-06745;-00398;-00057;
+15968;+01132;+00984;+03831;-06703;-00330;-00053;
+16428;+01312;+00848;+03832;-06672;-00231;-00031;
+16888;+01772;+01996;+03831;-06653;-00131;-00001;
+17216;+02080;+02240;+03831;-06591;-00018;-00010;
+16664;+01904;+02456;+03832;-06447;+00064;-00067;
+16024;+01520;+02464;+03834;-06255;+00106;-00143;
+15840;+01316;+02000;+03833;-06042;+00136;-00185;
+16192;+01384;+01928;+03832;-05832;+00144;-00185;
+16316;+01516;+01868;+03833;-05638;+00099;-00169;
+16576;+01448;+01740;+03832;-05463;+00039;-00157;
+16540;+01436;+01648;+03833;-05310;-00001;-00151;
+16500;+01504;+01700;+03832;-05156;+00006;-00148;
+16236;+01476;+01884;+03831;-05002;+00064;-00150;
+16376;+01504;+01620;+03830;-04851;+00154;-00157;
+16348;+01724;+01072;+03829;-04713;+00250;-00179;
+16316;+01652;+01780;+03831;-04606;+00303;-00214;
+16624;+01352;+02024;+03833;-04528;+00305;-00249;
+16896;+01404;+02120;+03833;-04452;+00285;-00280;
+16804;+01440;+01948;+03831;-04355;+00256;-00316;
+16448;+01372;+01980;+03831;-04232;+00238;-00354;
+16352;+01440;+01868;+03832;-04105;+00221;-00382;
+16296;+01520;+02224;+03832;-03970;+00201;-00396;
+16216;+01584;+02468;+03832;-03832;+00198;-00411;
+16452;+01620;+02220;+03832;-03673;+00234;-00432;
+16388;+01692;+02160;+03831;-03493;+00289;-00471;
+16376;+01764;+01792;+03831;-03301;+00357;-00520;
+16360;+01868;+01344;+03829;-03146;+00421;-00560;
+16084;+01868;+01380;+03828;-03041;+00467;-00577;
+16144;+01856;+01392;+03829;-02991;+00488;-00566;
+16116;+01888;+01812;+03830;-03000;+00463;-00518;
+16096;+01876;+02028;+03830;-03042;+00410;-00455;
+16264;+01704;+02168;+03830;-03069;+00358;-00386;
+16320;+01712;+02100;+03829;-03073;+00322;-00316;
+16444;+01672;+02180;+03829;-03067;+00313;-00249;
+16392;+01596;+02088;+03830;-03043;+00338;-00186;
+16192;+01508;+02140;+03831;-02994;+00363;-00129;
+16232;+01504;+01728;+03833;-02909;+00382;-00067;
+16064;+01756;+01876;+03833;-02833;+00371;-00011;
+16100;+01688;+01536;+03832;-02794;+00322;+00051;
+16192;+01624;+01804;+03830;-02798;+00246;+00112;
+16284;+01456;+02472;+03830;-02829;+00141;+00168;
+16540;+01452;+01668;+03831;-02850;+00044;+00223;
+16780;+01492;+02512;+03830;-02836;-00025;+00265;
+16884;+01480;+02672;+03830;-02775;-00035;+00280;
+16764;+01512;+02352;+03830;-02647;+00011;+00255;
+16588;+01548;+02124;+03829;-02478;+00073;+00186;
+16420;+01520;+01880;+03829;-02315;+00129;+00100;
+16584;+01528;+02016;+03830;-02196;+00173;+00014;
+16872;+01584;+01940;+03830;-02108;+00195;-00079;
+16812;+01552;+01848;+03830;-02052;+00186;-00179;
+16796;+01512;+02064;+03830;-02038;+00135;-00277;
+16652;+01404;+02180;+03830;-02041;+00088;-00365;
+16448;+01340;+02376;+03831;-02036;+00057;-00454;
+16656;+01444;+02520;+03830;-01996;+00039;-00545;
+16508;+01452;+02280;+03830;-01903;+00050;-00644;
+16408;+01436;+02356;+03830;-01757;+00094;-00752;
+16484;+01556;+03020;+03829;-01585;+00159;-00844;
+16244;+01464;+02116;+03830;-01395;+00261;-00917;
+16084;+01628;+01820;+03829;-01197;+00405;-00963;
+16016;+01740;+01752;+03830;-01042;+00550;-00948;
+16004;+01816;+01980;+03830;-00934;+00668;-00882;
+15996;+01892;+02048;+03830;-00852;+00752;-00805;
+16020;+01820;+02276;+03831;-00783;+00825;-00734;
+16284;+01720;+02248;+03832;-00723;+00901;-00656;
+16296;+01800;+02272;+03831;-00665;+00966;-00572;
+16344;+01792;+02484;+03832;-00613;+01018;-00491;
+16256;+01744;+02588;+03830;-00550;+01055;-00411;
+16252;+01796;+02512;+03830;-00463;+01073;-00337;
+16336;+01928;+02352;+03830;-00356;+01074;-00278;
+16136;+01808;+02296;+03831;-00261;+01047;-00234;
+16084;+01804;+02128;+03831;-00199;+01000;-00191;
+16160;+01792;+02276;+03831;-00188;+00924;-00131;
+16232;+01776;+02128;+03831;-00216;+00828;-00063;
+16360;+01780;+02020;+03831;-00270;+00706;-00005;
+16412;+01760;+02212;+03833;-00342;+00539;+00036;
+16332;+01632;+02136;+03833;-00454;+00307;+00055;
+16256;+01560;+01892;+03833;-00604;+00020;+00055;
+16424;+01512;+02308;+03834;-00777;-00303;+00049;
+16392;+01536;+02308;+03834;-00934;-00613;+00040;
+16892;+01444;+02604;+03834;-01029;-00903;+00020;
+16448;+01444;+02208;+03833;-01070;-01204;-00036;
+15912;+01724;+01576;+03832;-01116;-01513;-00111;
+16032;+01952;+01420;+03833;-01227;-01797;-00142;
+16368;+01964;+01908;+03831;-01393;-02017;-00133;
+16620;+01868;+02272;+03831;-01540;-02144;-00146;
+16616;+01864;+02432;+03832;-01605;-02162;-00180;
+16660;+01796;+02116;+03834;-01586;-02081;-00205;
+16428;+01864;+02252;+03835;-01507;-01911;-00222;
+16104;+01684;+02200;+03834;-01370;-01652;-00239;
+16052;+01580;+01960;+03833;-01165;-01332;-00252;
+16208;+01544;+01416;+03831;-00923;-00996;-00232;
+16420;+01756;+01692;+03831;-00711;-00691;-00167;
+16476;+01780;+01888;+03831;-00556;-00427;-00096;
+16384;+01720;+01980;+03831;-00437;-00198;-00049;
+16436;+01696;+01820;+03830;-00334;-00017;-00032;
+16344;+01612;+01636;+03830;-00272;+00089;-00035;
+16284;+01676;+01496;+03831;-00268;+00113;-00043;
+16368;+01716;+01768;+03829;-00305;+00095;-00044;
+16572;+01596;+01936;+03830;-00347;+00059;-00049;
+16488;+01536;+01836;+03829;-00372;-00009;-00059;
+16352;+01580;+01768;+03830;-00383;-00104;-00075;
+16200;+01608;+01688;+03829;-00413;-00217;-00080;
+16392;+01736;+02096;+03829;-00460;-00350;-00071;
+16780;+01676;+02184;+03829;-00495;-00488;-00072;
+16500;+01624;+02132;+03828;-00494;-00605;-00111;
+16292;+01692;+02120;+03828;-00446;-00670;-00175;
+16164;+01696;+01812;+03827;-00356;-00668;-00227;
+16136;+01808;+01692;+03828;-00237;-00603;-00251;
+16080;+01876;+01560;+03829;-00119;-00498;-00244;
+16124;+01900;+01436;+03830;-00038;-00394;-00212;
+16376;+01960;+01624;+03830;-00016;-00332;-00162;
+16528;+01772;+01812;+03830;-00036;-00315;-00114;
+16364;+01676;+02416;+03831;-00041;-00318;-00086;
+16404;+01660;+02032;+03832;+00051;-00252;-00064;
+16476;+01664;+02012;+03831;+00231;-00099;-00033;
+16368;+01660;+01724;+03832;+00430;+00093;+00007;
+16304;+01544;+01732;+03833;+00587;+00243;+00038;
+16296;+01660;+01740;+03834;+00681;+00315;+00058;
+16148;+01784;+01824;+03833;+00725;+00327;+00074;
+16292;+01724;+01472;+03831;+00770;+00346;+00072;
+16248;+01688;+01588;+03831;+00799;+00373;+00076;
+16596;+01728;+01784;+03830;+00796;+00368;+00105;
+16680;+01692;+02100;+03830;+00779;+00339;+00135;
+16536;+01716;+02024;+03829;+00781;+00306;+00141;
+16528;+01720;+01924;+03828;+00809;+00289;+00118;
+16368;+01700;+01724;+03829;+00846;+00294;+00069;
+16296;+01676;+01744;+03830;+00875;+00289;+00007;
+16296;+01660;+01712;+03830;+00868;+00228;-00058;
+16172;+01728;+01468;+03829;+00830;+00108;-00111;
+16224;+01792;+01288;+03830;+00760;-00030;-00134;
+16304;+01780;+01536;+03831;+00674;-00134;-00130;
+16540;+01828;+01776;+03832;+00583;-00191;-00097;
+16596;+01784;+02132;+03831;+00510;-00217;-00064;
+16520;+01680;+02028;+03832;+00467;-00215;-00056;
+16256;+01740;+01884;+03833;+00470;-00196;-00076;
+16188;+01788;+01628;+03832;+00493;-00170;-00115;
+16328;+01816;+01644;+03831;+00529;-00139;-00165;
+16492;+01824;+01464;+03829;+00549;-00127;-00214;
+16540;+01732;+01672;+03830;+00541;-00148;-00252;
+16464;+01724;+01568;+03829;+00513;-00174;-00282;
+16316;+01800;+01508;+03829;+00475;-00183;-00295;
+16220;+01660;+01288;+03829;+00417;-00185;-00289;
+16148;+01712;+01596;+03830;+00348;-00179;-00267;
+16368;+01640;+01904;+03831;+00288;-00162;-00224;
+16384;+01668;+01928;+03832;+00265;-00151;-00181;
+16332;+01792;+01644;+03831;+00268;-00138;-00156;
+16292;+01848;+01236;+03832;+00273;-00116;-00141;
+16332;+01792;+01284;+03833;+00246;-00091;-00112;
+16384;+01844;+01404;+03832;+00189;-00066;-00058;
+16276;+01804;+01556;+03831;+00118;-00038;+00005;
+16424;+01740;+01632;+03832;+00049;-00005;+00066;
+16448;+01684;+01680;+03831;-00016;+00007;+00119;
+16456;+01720;+01612;+03831;-00070;+00010;+00157;
+16412;+01680;+01676;+03830;-00107;+00000;+00188;
+16556;+01532;+01824;+03829;-00145;-00041;+00205;
+16568;+01336;+02016;+03830;-00148;-00087;+00202;
+16796;+01872;+02164;+03831;-00111;-00146;+00192;
+16324;+01920;+01996;+03832;-00072;-00219;+00173;
+16268;+01728;+01768;+03833;+00021;-00218;+00083;
+16416;+01700;+01496;+03833;+00111;-00177;-00006;
+16652;+01828;+01484;+03832;+00173;-00127;-00044;
+16496;+01880;+01404;+03833;+00216;-00065;-00055;
+16372;+01872;+01408;+03831;+00222;-00013;-00049;
+16220;+01732;+01616;+03832;+00196;+00014;-00043;
+16212;+01688;+01760;+03830;+00177;+00030;-00037;
+16360;+01736;+01732;+03830;+00173;+00030;-00037;
+16228;+01720;+01516;+03829;+00171;+00007;-00060;
+16232;+01836;+01452;+03829;+00157;-00016;-00089;
+16444;+01860;+01552;+03829;+00128;-00027;-00105;
+16484;+01812;+01624;+03830;+00095;-00028;-00111;
+16544;+01776;+01652;+03830;+00068;-00025;-00107;
+16388;+01720;+01524;+03831;+00046;-00029;-00100;
+16292;+01696;+01588;+03832;+00030;-00038;-00094;
+16224;+01744;+01568;+03833;+00012;-00050;-00082;
+16272;+01676;+01620;+03832;-00020;-00076;-00063;
+16276;+01712;+01428;+03834;-00059;-00103;-00037;
+16252;+01668;+01468;+03833;-00101;-00104;-00009;
+16240;+01680;+01548;+03833;-00140;-00077;+00020;
+16380;+01644;+01524;+03833;-00171;-00041;+00049;
+16452;+01620;+01872;+03833;-00187;-00016;+00077;
+16356;+01592;+01728;+03834;-00190;+00000;+00093;
+16500;+01616;+01860;+03832;-00170;+00019;+00106;
+16412;+01676;+01660;+03830;-00143;+00039;+00114;
+16376;+01640;+01744;+03830;-00114;+00065;+00117;
+16308;+01640;+01664;+03829;-00087;+00093;+00121;
+16360;+01624;+01744;+03828;-00061;+00121;+00125;
+16296;+01660;+01680;+03830;-00037;+00145;+00127;
+16268;+01756;+01632;+03830;-00027;+00152;+00136;
+16400;+01768;+01640;+03831;-00035;+00146;+00159;
+16436;+01772;+01612;+03831;-00036;+00135;+00176;
+16560;+01792;+01652;+03832;-00032;+00115;+00176;
+16724;+01712;+01788;+03832;-00010;+00074;+00160;
+16616;+01768;+01640;+03832;+00024;+00015;+00117;
+16516;+01660;+01628;+03832;+00037;-00052;+00073;
+16364;+01676;+01412;+03832;+00036;-00105;+00043;
+16244;+01652;+01380;+03833;+00021;-00132;+00029;
+16280;+01544;+01380;+03834;-00006;-00139;+00036;
+16308;+01412;+01624;+03834;-00039;-00131;+00056;
+16632;+01364;+01340;+03833;-00058;-00115;+00082;
+16528;+01840;+01968;+03835;-00068;-00114;+00113;
+16416;+01460;+01460;+03833;-00050;-00096;+00098;
+16220;+01612;+01420;+03834;-00014;-00064;+00057;
+16424;+01644;+01416;+03832;-00021;-00062;+00049;
+16268;+01832;+01300;+03833;-00054;-00074;+00063;
+16200;+01672;+01524;+03833;-00100;-00076;+00074;
+16360;+01608;+01560;+03834;-00145;-00060;+00089;
+16492;+01640;+01604;+03835;-00171;-00016;+00117;
+16568;+01620;+01820;+03835;-00168;+00046;+00138;
+16664;+01656;+01828;+03834;-00139;+00106;+00132;
+16568;+01716;+01612;+03832;-00097;+00151;+00095;
+16528;+01760;+01404;+03833;-00072;+00172;+00043;
+16556;+01824;+01336;+03833;-00093;+00158;-00001;
+16444;+01728;+01476;+03834;-00151;+00128;-00037;
+16432;+01584;+01704;+03833;-00225;+00083;-00059;
+16264;+01544;+01756;+03832;-00291;+00038;-00073;
+16204;+01532;+01788;+03833;-00327;+00000;-00086;
+16336;+01556;+01776;+03834;-00321;-00016;-00110;
+16412;+01408;+01684;+03834;-00281;-00017;-00138;
+16484;+01544;+01592;+03835;-00255;-00043;-00153;
+16420;+01688;+01760;+03835;-00264;-00109;-00166;
+16284;+01492;+01596;+03836;-00275;-00169;-00188;
+16408;+01476;+01532;+03833;-00273;-00182;-00186;
+16540;+01536;+01656;+03831;-00253;-00162;-00142;
+16456;+01588;+01740;+03830;-00215;-00119;-00097;
+16404;+01572;+01508;+03830;-00167;-00066;-00077;
+16284;+01556;+01400;+03831;-00138;-00040;-00074;
+16252;+01560;+01320;+03831;-00142;-00051;-00073;
+16240;+01604;+01556;+03830;-00171;-00084;-00065;
+16388;+01536;+01660;+03830;-00210;-00109;-00049;
+16588;+01648;+01612;+03831;-00238;-00115;-00038;
+16384;+01572;+01656;+03833;-00243;-00096;-00047;
+16492;+01504;+01640;+03834;-00220;-00049;-00064;
+16440;+01484;+01452;+03834;-00184;+00014;-00081;
+16436;+01628;+01456;+03833;-00142;+00089;-00090;
+16592;+01704;+01484;+03832;-00122;+00154;-00089;
+16548;+01608;+01616;+03833;-00130;+00196;-00087;
+16616;+01720;+01576;+03833;-00145;+00233;-00087;
+16520;+01544;+01740;+03833;-00166;+00263;-00094;
+16424;+01548;+01676;+03834;-00175;+00279;-00108;
+16280;+01600;+01772;+03834;-00164;+00301;-00120;
+16316;+01616;+01516;+03834;-00133;+00325;-00129;
+16276;+01736;+01444;+03834;-00100;+00352;-00134;
+16232;+01788;+01432;+03833;-00089;+00362;-00138;
+16236;+01732;+01652;+03833;-00122;+00350;-00132;
+16372;+01724;+01616;+03834;-00167;+00339;-00117;
+16524;+01728;+01812;+03834;-00205;+00330;-00100;
+16536;+01648;+01896;+03834;-00235;+00307;-00081;
+16448;+01504;+01716;+03831;-00263;+00274;-00075;
+16140;+01788;+01844;+03830;-00281;+00233;-00084;
+16200;+01648;+01844;+03831;-00290;+00198;-00100;
+16404;+01512;+01836;+03833;-00267;+00186;-00119;
+16732;+01600;+01544;+03833;-00218;+00195;-00134;
+16376;+01836;+01496;+03834;-00190;+00171;-00162;
+16180;+01832;+01228;+03834;-00220;+00083;-00194;
+16300;+01712;+01456;+03834;-00316;-00051;-00198;
+16428;+01720;+01824;+03834;-00421;-00177;-00184;
+16360;+01580;+01980;+03834;-00477;-00240;-00162;
+16392;+01604;+02124;+03833;-00462;-00224;-00138;
+16304;+01440;+02000;+03832;-00393;-00142;-00120;
+16292;+01436;+01780;+03832;-00287;-00032;-00118;
+16324;+01540;+01884;+03832;-00186;+00069;-00130;
+16540;+01504;+01964;+03833;-00092;+00151;-00147;
+16632;+01676;+01488;+03833;+00012;+00232;-00171;
+16336;+01912;+01176;+03834;+00087;+00285;-00202;
+16240;+01848;+01320;+03835;+00063;+00265;-00216;
+16320;+01632;+01740;+03834;-00016;+00215;-00200;
+16416;+01544;+01772;+03834;-00074;+00192;-00175;
+16368;+01632;+01784;+03831;-00097;+00190;-00163;
+16460;+01660;+01792;+03831;-00097;+00198;-00155;
+16488;+01652;+01648;+03832;-00085;+00220;-00148;
+16516;+01708;+01536;+03833;-00086;+00236;-00146;
+16336;+01660;+01656;+03833;-00108;+00229;-00150;
+16244;+01548;+01620;+03834;-00137;+00218;-00144;
+16180;+01552;+01648;+03835;-00167;+00208;-00123;
+16328;+01628;+01772;+03836;-00205;+00189;-00087;
+16480;+01608;+01912;+03835;-00231;+00174;-00056;
+16508;+01756;+01808;+03834;-00232;+00165;-00048;
+16512;+01752;+01952;+03835;-00217;+00155;-00068;
+16776;+01644;+02120;+03834;-00202;+00121;-00100;
+16616;+01664;+01988;+03833;-00179;+00058;-00147;
+16556;+01652;+01680;+03834;-00126;-00001;-00206;
+16284;+01660;+01356;+03834;-00072;-00027;-00271;
+16392;+01632;+01744;+03835;-00047;-00017;-00310;
+16708;+01732;+01892;+03835;-00061;-00005;-00330;
+16220;+01848;+01772;+03834;-00082;+00006;-00341;
+16260;+01884;+01596;+03834;-00081;+00046;-00330;
+16324;+01892;+01856;+03834;-00091;+00078;-00287;
+16376;+01912;+01900;+03834;-00098;+00071;-00243;
+16292;+01864;+01708;+03834;-00081;+00058;-00217;
+15984;+01804;+01668;+03834;-00046;+00059;-00208;
+15988;+01804;+01308;+03836;-00010;+00068;-00198;
+16244;+01872;+01232;+03835;-00009;+00086;-00163;
+16352;+01788;+01404;+03833;-00047;+00124;-00113;
+16104;+01644;+02636;+03833;-00103;+00185;-00065;
+16632;+01660;+02248;+03836;-00100;+00239;-00013;
+16332;+01732;+02236;+03836;-00055;+00255;+00022;
+16380;+01844;+01792;+03835;+00009;+00227;+00051;
+16204;+01848;+01272;+03835;+00047;+00176;+00080;
+16112;+01788;+01456;+03833;+00023;+00110;+00105;
+16276;+01524;+01728;+03834;-00039;+00055;+00142;
+16348;+01380;+02028;+03833;-00096;+00006;+00176;
+16704;+01520;+02084;+03833;-00105;-00042;+00190;
+16692;+01736;+02160;+03833;-00066;-00098;+00173;
+16888;+01580;+01636;+03833;-00005;-00147;+00122;
+16628;+01604;+00884;+03831;+00055;-00155;+00058;
+17056;+01268;+00696;+03831;+00053;-00105;-00012;
+16456;+02036;+02516;+03833;-00029;-00001;-00105;
+16424;+01836;+01648;+03833;-00070;+00129;-00197;
+16196;+01792;+01992;+03833;-00130;+00190;-00269;
+16388;+01600;+01748;+03834;-00172;+00213;-00331;
+16356;+01632;+01884;+03834;-00191;+00234;-00376;
+16360;+01700;+01584;+03833;-00204;+00262;-00424;
+16552;+01876;+01348;+03832;-00217;+00295;-00470;
+16300;+01792;+01740;+03831;-00255;+00324;-00508;
+15912;+02016;+02196;+03830;-00311;+00322;-00519;
+15704;+01964;+02368;+03831;-00375;+00241;-00485;
+15612;+01744;+01948;+03830;-00407;+00098;-00398;
+15788;+01580;+01068;+03829;-00416;-00050;-00283;
+16244;+01640;+00700;+03832;-00454;-00130;-00155;
+16824;+01704;+01092;+03833;-00536;-00099;-00042;
+17040;+01772;+02312;+03833;-00617;+00033;+00028;
+16752;+01764;+03528;+03833;-00636;+00177;+00042;
+16296;+01796;+02732;+03834;-00554;+00272;+00024;
+15872;+01916;+01720;+03834;-00403;+00303;+00015;
+15912;+01804;+01528;+03833;-00290;+00285;+00039;
+16416;+01660;+00944;+03832;-00242;+00267;+00089;
+16480;+01672;+01336;+03831;-00273;+00273;+00128;
+16612;+01648;+01332;+03831;-00349;+00310;+00134;
+16836;+01804;+01604;+03832;-00441;+00379;+00111;
+16624;+01532;+01788;+03834;-00548;+00440;+00059;
+16588;+01516;+01688;+03832;-00639;+00497;-00006;
+16616;+01676;+01768;+03832;-00711;+00542;-00076;
+16556;+01764;+01640;+03831;-00777;+00557;-00145;
+15984;+01832;+02432;+03831;-00851;+00532;-00197;
+15712;+01640;+03592;+03832;-00902;+00447;-00217;
+16336;+02000;+03388;+03830;-00857;+00304;-00197;
+16676;+01796;+03068;+03830;-00716;+00136;-00176;
+16812;+01668;+02456;+03830;-00511;-00015;-00185;
+16652;+01840;+02332;+03831;-00281;-00130;-00223;
+16532;+01608;+02048;+03832;-00053;-00223;-00280;
+16196;+01568;+01608;+03831;+00143;-00288;-00339;
+16212;+01728;+01460;+03831;+00274;-00340;-00389;
+16400;+01752;+01376;+03830;+00344;-00365;-00418;
+16144;+01840;+01708;+03831;+00367;-00380;-00425;
+16324;+01792;+01864;+03829;+00356;-00375;-00411;
+16216;+01608;+01888;+03829;+00334;-00352;-00383;
+16140;+01604;+01928;+03829;+00323;-00322;-00348;
+16540;+01904;+01220;+03830;+00322;-00291;-00300;
+16848;+02144;+01428;+03830;+00296;-00246;-00263;
+16584;+01940;+01440;+03830;+00245;-00184;-00261;
+16240;+01844;+01296;+03830;+00148;-00114;-00284;
+16156;+01864;+01240;+03831;+00028;-00033;-00312;
+16048;+01892;+01216;+03831;-00118;+00040;-00330;
+16028;+01980;+01252;+03830;-00281;+00094;-00323;
+16204;+01924;+01504;+03831;-00467;+00116;-00290;
+16224;+01864;+01948;+03831;-00637;+00140;-00234;
+16328;+01728;+02120;+03831;-00776;+00168;-00175;
+16416;+01668;+02188;+03829;-00861;+00201;-00123;
+16300;+01504;+02376;+03829;-00871;+00243;-00085;
+16400;+01776;+02428;+03831;-00820;+00277;-00056;
+16468;+01888;+02008;+03830;-00736;+00291;-00031;
+16164;+01828;+02024;+03831;-00669;+00271;-00013;
+16240;+01836;+01796;+03831;-00629;+00246;+00024;
+16256;+02048;+01844;+03829;-00615;+00215;+00076;
+16268;+01988;+02188;+03829;-00623;+00178;+00127;
+16256;+01680;+01664;+03830;-00622;+00136;+00173;
+16056;+01656;+02188;+03832;-00625;+00088;+00216;
+16000;+01496;+02056;+03833;-00610;+00044;+00254;
+16004;+01468;+02428;+03833;-00568;+00007;+00299;
+16292;+01760;+02148;+03832;-00508;-00033;+00355;
+16652;+01912;+02020;+03830;-00445;-00094;+00405;
+16604;+01864;+02264;+03830;-00388;-00158;+00439;
+16096;+01660;+02364;+03830;-00328;-00155;+00460;
+16796;+01908;+01508;+03831;-00248;-00060;+00491;
+17180;+02100;+01796;+03831;-00197;-00012;+00503;
+16612;+01756;+01696;+03832;-00163;+00001;+00451;
+15812;+01528;+01800;+03832;-00136;+00043;+00369;
+16044;+01668;+01544;+03831;-00118;+00097;+00318;
+16232;+01800;+01420;+03833;-00132;+00107;+00315;
+16240;+01772;+01548;+03833;-00194;+00090;+00337;
+16312;+01728;+01740;+03832;-00263;+00110;+00379;
+16288;+01652;+01924;+03832;-00324;+00170;+00430;
+16020;+01424;+02008;+03830;-00366;+00244;+00484;
+16092;+01312;+02388;+03830;-00377;+00312;+00548;
+16600;+01516;+02484;+03831;-00338;+00370;+00616;
+16800;+01860;+02356;+03830;-00261;+00397;+00659;
+16516;+01736;+02324;+03831;-00179;+00376;+00671;
+16376;+01748;+02104;+03831;-00091;+00357;+00665;
+16624;+01716;+01976;+03830;-00026;+00335;+00658;
+16496;+01388;+02212;+03831;+00004;+00231;+00647;
+16032;+01084;+02396;+03831;+00028;+00076;+00633;
+16036;+00960;+02172;+03831;+00088;-00060;+00636;
+16488;+01184;+02192;+03831;+00169;-00139;+00651;
+16704;+01412;+02464;+03829;+00263;-00159;+00646;
+16820;+01636;+03052;+03830;+00378;-00136;+00605;
+16972;+01692;+02860;+03831;+00547;-00137;+00523;
+17056;+01508;+02484;+03830;+00739;-00266;+00406;
+16600;+01308;+02116;+03830;+00932;-00488;+00267;
+16052;+01240;+02256;+03830;+01118;-00720;+00149;
+15648;+01052;+01484;+03832;+01264;-00916;+00088;
+15748;+01312;+01052;+03832;+01307;-01061;+00083;
+16160;+01208;+00812;+03833;+01301;-01146;+00112;
+16764;+01340;+01104;+03832;+01259;-01162;+00149;
+17384;+01440;+00720;+03832;+01155;-01104;+00152;
+17464;+01336;+00896;+03833;+01021;-00943;+00097;
+17136;+01484;+01448;+03832;+00875;-00710;-00004;
+16432;+01348;+01572;+03833;+00740;-00476;-00131;
+15824;+01392;+01468;+03832;+00623;-00295;-00238;
+15700;+01428;+01352;+03831;+00516;-00192;-00297;
+16092;+01448;+01200;+03832;+00406;-00134;-00302;
+16492;+01556;+01352;+03832;+00287;-00073;-00285;
+16540;+01536;+01532;+03833;+00156;+00002;-00273;
+16704;+01500;+01696;+03834;+00029;+00080;-00266;
+16568;+01456;+01628;+03835;-00072;+00137;-00272;
+16228;+01372;+01648;+03833;-00148;+00150;-00289;
+16024;+01428;+01344;+03832;-00213;+00152;-00292;
+16180;+01552;+01216;+03833;-00276;+00175;-00275;
+16340;+01608;+01484;+03833;-00357;+00228;-00251;
+16344;+01556;+01880;+03833;-00436;+00307;-00218;
+16372;+01444;+01984;+03833;-00490;+00393;-00185;
+16224;+01392;+01976;+03832;-00522;+00458;-00147;
+16120;+01432;+01684;+03829;-00536;+00496;-00095;
+16308;+01540;+01620;+03830;-00549;+00517;-00024;
+16436;+01544;+01788;+03831;-00572;+00524;+00042;
+16456;+01376;+01716;+03831;-00609;+00526;+00090;
+16664;+01412;+01924;+03830;-00639;+00514;+00124;
+16756;+01472;+01948;+03830;-00653;+00500;+00140;
+16760;+01448;+02192;+03830;-00652;+00491;+00131;
+16608;+01388;+02340;+03830;-00630;+00472;+00104;
+16328;+01204;+02312;+03831;-00586;+00428;+00062;
+16156;+01192;+02088;+03831;-00506;+00369;+00018;
+16052;+01260;+01860;+03832;-00415;+00315;-00019;
+16304;+01460;+01776;+03832;-00339;+00296;-00043;
+16644;+01632;+01664;+03833;-00295;+00322;-00064;
+16584;+01684;+01888;+03835;-00294;+00360;-00089;
+16540;+01632;+02224;+03835;-00317;+00371;-00107;
+16396;+01420;+02124;+03835;-00352;+00342;-00108;
+16376;+01296;+02196;+03833;-00379;+00285;-00091;
+16312;+01372;+02088;+03833;-00381;+00219;-00064;
+16332;+01324;+02272;+03834;-00361;+00156;-00049;
+16280;+01276;+01988;+03833;-00323;+00106;-00054;
+16244;+01248;+01880;+03832;-00280;+00083;-00069;
+16276;+01304;+01976;+03832;-00239;+00085;-00092;
+16448;+01496;+01984;+03831;-00205;+00106;-00110;
+16596;+01536;+01736;+03832;-00166;+00133;-00120;
+16380;+01660;+02124;+03832;-00140;+00138;-00128;
+16424;+01480;+02128;+03831;-00128;+00114;-00130;
+16400;+01396;+02052;+03832;-00124;+00081;-00123;
+16392;+01284;+01932;+03833;-00122;+00042;-00116;
+16264;+01268;+01928;+03834;-00114;+00010;-00106;
+16412;+01316;+01976;+03833;-00107;-00011;-00087;
+16440;+01264;+01664;+03833;-00100;-00014;-00059;
+16440;+01380;+01964;+03835;-00093;-00002;-00035;
+16420;+01380;+02048;+03836;-00076;+00019;-00021;
+16480;+01332;+02324;+03834;-00045;+00046;-00022;
+16696;+01444;+02152;+03836;+00002;+00068;-00039;
+16312;+01556;+01960;+03836;+00057;+00058;-00073;
+16176;+01532;+01788;+03834;+00094;+00005;-00110;
+16048;+01444;+01784;+03833;+00102;-00054;-00122;
+15992;+01540;+01472;+03834;+00087;-00085;-00105;
+16240;+01424;+01824;+03835;+00044;-00075;-00070;
+16508;+01488;+01808;+03835;-00001;-00027;-00017;
+16528;+01272;+02060;+03835;-00038;+00017;+00033;
+16576;+01336;+02008;+03835;-00054;+00056;+00070;
+16480;+01300;+02012;+03836;-00049;+00080;+00091;
+16568;+01332;+01912;+03835;-00041;+00100;+00091;
+16396;+01480;+01936;+03835;-00028;+00120;+00082;
+16264;+01436;+01880;+03836;-00023;+00133;+00068;
+16260;+01452;+01756;+03835;-00030;+00140;+00062;
+16156;+01404;+01748;+03835;-00064;+00132;+00070;
+16452;+01372;+01976;+03836;-00116;+00139;+00091;
+16752;+01184;+02240;+03836;-00162;+00161;+00100;
+16656;+01284;+02220;+03837;-00179;+00176;+00084;
+16660;+01308;+01976;+03837;-00171;+00172;+00044;
+16444;+01308;+01928;+03837;-00141;+00166;-00019;
+16200;+01336;+01880;+03838;-00116;+00178;-00085;
+16228;+01372;+01864;+03837;-00105;+00206;-00130;
+16352;+01480;+02104;+03837;-00105;+00234;-00149;
+16392;+01536;+02200;+03836;-00118;+00226;-00147;
+16360;+01472;+02000;+03837;-00118;+00186;-00135;
+16204;+01344;+01924;+03838;-00118;+00140;-00124;
+16212;+01288;+02068;+03837;-00126;+00117;-00103;
+16500;+01252;+02204;+03838;-00124;+00122;-00070;
+16628;+01344;+02124;+03837;-00107;+00120;-00048;
+16488;+01420;+01932;+03836;-00069;+00107;-00049;
+16360;+01364;+01796;+03838;-00030;+00087;-00066;
+16264;+01356;+01852;+03838;-00011;+00070;-00079;
+16236;+01412;+01856;+03837;-00012;+00065;-00076;
+16372;+01412;+02032;+03837;-00026;+00073;-00064;
+16536;+01540;+01996;+03838;-00039;+00095;-00059;
+16568;+01452;+01976;+03838;-00054;+00113;-00066;
+16520;+01344;+01744;+03837;-00067;+00124;-00081;
+16396;+01408;+01728;+03836;-00090;+00130;-00090;
+16532;+01376;+02016;+03837;-00122;+00141;-00085;
+16284;+01260;+02064;+03836;-00146;+00164;-00076;
+16252;+01232;+02156;+03837;-00160;+00200;-00068;
+16316;+01304;+02256;+03837;-00159;+00240;-00057;
+16300;+01320;+02172;+03837;-00143;+00262;-00047;
+16284;+01344;+02060;+03837;-00117;+00262;-00038;
+16252;+01432;+01976;+03836;-00087;+00257;-00024;
+16284;+01412;+02004;+03836;-00075;+00253;-00004;
+16436;+01592;+02056;+03836;-00079;+00240;+00031;
+16628;+01588;+02028;+03836;-00093;+00208;+00065;
+16520;+01408;+02000;+03837;-00105;+00162;+00079;
+16464;+01372;+02000;+03838;-00117;+00117;+00080;
+16480;+01352;+01912;+03840;-00130;+00093;+00074;
+16476;+01380;+02096;+03841;-00146;+00079;+00066;
+16444;+01260;+02108;+03840;-00162;+00058;+00052;
+16348;+01296;+02164;+03838;-00171;+00033;+00035;
+16352;+01300;+02060;+03835;-00168;+00018;+00016;
+16228;+01300;+02080;+03834;-00157;+00014;-00013;
+16236;+01344;+02276;+03832;-00151;+00003;-00032;
+16564;+01356;+02232;+03832;-00140;-00030;-00037;
+16516;+01316;+02020;+03831;-00127;-00078;-00042;
+16416;+01296;+02080;+03831;-00108;-00128;-00055;
+16336;+01352;+01992;+03832;-00097;-00156;-00065;
+16136;+01324;+02216;+03832;-00097;-00161;-00064;
+16580;+01208;+02136;+03833;-00096;-00156;-00057;
+16564;+01332;+02164;+03834;-00094;-00163;-00058;
+16592;+01352;+02012;+03834;-00079;-00184;-00072;
+16500;+01364;+01996;+03834;-00062;-00194;-00095;
+16368;+01384;+02060;+03834;-00056;-00189;-00122;
+16328;+01328;+01872;+03834;-00054;-00177;-00139;
+16232;+01344;+01868;+03836;-00055;-00166;-00143;
+16228;+01440;+01868;+03836;-00056;-00156;-00138;
+16076;+01372;+01864;+03837;-00065;-00159;-00123;
+16052;+01372;+01740;+03835;-00099;-00175;-00100;
+16180;+01300;+01956;+03835;-00143;-00181;-00067;
+16440;+01276;+02004;+03835;-00190;-00170;-00029;
+16548;+01244;+02048;+03836;-00223;-00149;+00002;
+16576;+01292;+02208;+03835;-00238;-00127;+00028;
+16572;+01372;+02156;+03834;-00225;-00114;+00045;
+16428;+01400;+02136;+03834;-00198;-00125;+00055;
+16392;+01332;+02000;+03835;-00167;-00156;+00061;
+16336;+01252;+01800;+03835;-00139;-00173;+00075;
+16352;+01156;+01780;+03837;-00120;-00160;+00085;
+16376;+01292;+01908;+03839;-00104;-00116;+00095;
+16492;+01392;+01764;+03839;-00095;-00065;+00099;
+16528;+01340;+01952;+03839;-00097;-00037;+00094;
+16568;+01344;+01820;+03838;-00099;-00008;+00069;
+16500;+01212;+01808;+03837;-00097;+00006;+00039;
+16480;+01272;+01776;+03836;-00102;+00019;+00014;
+16384;+01428;+01924;+03837;-00108;+00031;-00006;
+16380;+01252;+01984;+03837;-00115;+00044;-00027;
+16328;+01388;+01948;+03836;-00122;+00060;-00051;
+16316;+01396;+01920;+03836;-00139;+00077;-00067;
+16348;+01320;+01932;+03836;-00161;+00097;-00067;
+16296;+01324;+01908;+03836;-00186;+00117;-00054;
+16352;+01272;+02036;+03838;-00212;+00142;-00035;
+16424;+01328;+02128;+03837;-00230;+00144;-00017;
+16372;+01220;+02004;+03837;-00231;+00112;-00010;
+16336;+01180;+01928;+03836;-00214;+00078;-00009;
+16268;+01160;+02012;+03835;-00191;+00068;-00007;
+16184;+01208;+01948;+03836;-00170;+00086;+00000;
+16260;+01344;+01788;+03835;-00156;+00114;+00011;
+16392;+01320;+02180;+03836;-00153;+00116;+00030;
+16564;+01236;+01952;+03838;-00153;+00086;+00057;
+16508;+01248;+01860;+03839;-00150;+00046;+00078;
+16472;+01340;+01856;+03839;-00138;+00019;+00088;
+16352;+01324;+02008;+03839;-00137;+00007;+00085;
+16420;+01232;+02096;+03839;-00139;+00001;+00074;
+16432;+01184;+02048;+03840;-00140;-00004;+00057;
+16424;+01236;+02024;+03839;-00142;-00005;+00043;
+16508;+01300;+01952;+03839;-00144;+00003;+00035;
+16448;+01368;+01968;+03839;-00152;+00017;+00043;
+16364;+01376;+01912;+03839;-00162;+00015;+00058;
+16312;+01236;+01888;+03839;-00171;-00007;+00077;
+16232;+01180;+01888;+03838;-00182;-00023;+00100;
+16256;+01272;+01956;+03836;-00201;-00021;+00124;
+16316;+01240;+01824;+03836;-00224;-00005;+00144;
+16428;+01200;+01888;+03838;-00247;+00016;+00154;
+16412;+01140;+02084;+03839;-00256;+00037;+00153;
+16464;+01168;+01904;+03838;-00252;+00073;+00148;
+16500;+01192;+02088;+03838;-00235;+00109;+00136;
+16516;+01256;+02140;+03838;-00213;+00143;+00126;
+16560;+01284;+02020;+03837;-00184;+00170;+00115;
+16512;+01196;+01992;+03839;-00160;+00177;+00105;
+16396;+01204;+02068;+03840;-00138;+00172;+00102;
+16520;+01196;+01924;+03839;-00127;+00155;+00107;
+16312;+01188;+01952;+03841;-00129;+00121;+00113;
+16300;+01164;+02072;+03842;-00128;+00084;+00120;
+16264;+01224;+01996;+03840;-00117;+00065;+00118;
+16132;+01140;+02072;+03839;-00100;+00046;+00104;
+16016;+01256;+02024;+03839;-00081;+00033;+00101;
+16476;+01148;+01944;+03838;-00051;+00050;+00121;
+16236;+01048;+01988;+03837;-00051;+00054;+00142;
+16416;+01148;+01972;+03836;-00056;+00062;+00169;
+16600;+01248;+01816;+03836;-00074;+00059;+00203;
+16656;+01144;+02072;+03837;-00108;+00035;+00226;
+16772;+01052;+01948;+03838;-00148;+00006;+00235;
+16712;+01080;+02120;+03839;-00176;-00004;+00221;
+16616;+01088;+02124;+03838;-00193;+00004;+00191;
+16460;+01048;+02012;+03838;-00190;+00019;+00141;
+16316;+01068;+01980;+03839;-00172;+00033;+00084;
+16372;+01088;+02008;+03837;-00152;+00047;+00025;
+16324;+01068;+01976;+03837;-00143;+00066;-00018;
+16344;+01152;+02180;+03837;-00148;+00079;-00045;
+16436;+01052;+02112;+03835;-00159;+00072;-00063;
+16348;+01040;+02080;+03835;-00164;+00054;-00084;
+16380;+01088;+01988;+03836;-00160;+00038;-00091;
+16516;+01156;+02136;+03837;-00149;+00035;-00099;
+16364;+01148;+01956;+03836;-00136;+00042;-00108;
+16360;+01068;+02096;+03837;-00127;+00051;-00105;
+16460;+01104;+01956;+03837;-00125;+00062;-00093;
+16516;+01104;+02036;+03836;-00130;+00069;-00077;
+16440;+01168;+02116;+03837;-00136;+00054;-00069;
+16576;+01216;+02024;+03838;-00146;+00019;-00071;
+16444;+01044;+02040;+03839;-00145;-00030;-00091;
+16260;+00976;+01880;+03838;-00130;-00062;-00130;
+16204;+01028;+01980;+03838;-00110;-00067;-00170;
+16264;+01012;+01876;+03838;-00088;-00043;-00195;
+16412;+01028;+01960;+03837;-00071;-00006;-00209;
+16484;+01232;+01940;+03838;-00067;+00025;-00211;
+16584;+01272;+01832;+03838;-00076;+00043;-00212;
+16540;+01280;+01940;+03837;-00097;+00053;-00209;
+16436;+01208;+02140;+03837;-00127;+00044;-00201;
+16428;+01212;+02120;+03837;-00154;+00015;-00186;
+16460;+01172;+01932;+03837;-00176;-00015;-00171;
+16392;+01108;+02052;+03835;-00188;-00037;-00172;
+16200;+01072;+01944;+03838;-00187;-00037;-00186;
+16160;+01092;+01860;+03839;-00181;-00012;-00208;
+16144;+01064;+01936;+03838;-00175;+00017;-00232;
+16292;+01092;+02076;+03838;-00171;+00045;-00244;
+16440;+01140;+02080;+03838;-00163;+00071;-00245;
+16436;+01232;+01956;+03840;-00154;+00085;-00232;
+16504;+01336;+01988;+03839;-00153;+00085;-00213;
+16536;+01324;+02128;+03840;-00163;+00083;-00195;
+16552;+01208;+02096;+03840;-00186;+00082;-00182;
+16460;+01108;+02076;+03839;-00201;+00083;-00174;
+16436;+01100;+02172;+03841;-00197;+00093;-00171;
+16180;+01132;+01952;+03840;-00184;+00094;-00170;
+16092;+01208;+02008;+03839;-00167;+00081;-00165;
+16136;+01240;+01932;+03838;-00155;+00063;-00147;
+16284;+01196;+01876;+03838;-00143;+00058;-00127;
+16360;+01212;+02008;+03838;-00131;+00065;-00119;
+16460;+01112;+02108;+03838;-00122;+00078;-00111;
+16484;+01208;+01956;+03839;-00118;+00094;-00103;
+16400;+01232;+01948;+03840;-00130;+00100;-00087;
+16464;+01196;+02012;+03842;-00158;+00101;-00067;
+16508;+01152;+02008;+03842;-00197;+00091;-00042;
+16652;+01148;+02112;+03840;-00233;+00073;-00026;
+16388;+01112;+02024;+03841;-00253;+00054;-00027;
+16276;+01088;+01860;+03841;-00258;+00037;-00039;
+16324;+01124;+01936;+03840;-00254;+00026;-00053;
+16312;+01088;+02216;+03839;-00251;+00016;-00064;
+16356;+01000;+02076;+03839;-00240;-00002;-00071;
+16480;+01200;+02052;+03837;-00220;-00031;-00080;
+16504;+01232;+02084;+03837;-00198;-00048;-00091;
+16652;+01300;+01964;+03838;-00182;-00036;-00111;
+16644;+01412;+01920;+03836;-00166;-00006;-00136;
+16540;+01360;+02004;+03837;-00159;+00013;-00176;
+16472;+01332;+01912;+03839;-00166;+00016;-00207;
+16424;+01280;+01888;+03841;-00186;+00011;-00228;
+16240;+01256;+01860;+03841;-00223;-00006;-00240;
+16260;+01256;+01988;+03840;-00270;-00019;-00236;
+16324;+01296;+02004;+03841;-00315;-00030;-00217;
+16248;+01304;+02004;+03840;-00356;-00039;-00197;
+16224;+01156;+02252;+03841;-00385;-00041;-00181;
+16280;+01068;+02092;+03839;-00389;-00018;-00164;
+16260;+01012;+02152;+03840;-00360;+00010;-00152;
+16240;+01012;+02268;+03841;-00314;+00019;-00149;
+16284;+01016;+02260;+03841;-00265;+00026;-00142;
+16420;+01024;+02204;+03840;-00216;+00028;-00120;
+16608;+01216;+02056;+03840;-00170;+00021;-00090;
+16632;+01296;+02184;+03841;-00131;+00005;-00053;
+16540;+01328;+02080;+03841;-00103;-00012;-00026;
+16532;+01184;+02164;+03840;-00084;-00033;-00012;
+16540;+01272;+01900;+03842;-00068;-00052;-00010;
+16404;+01200;+01980;+03841;-00054;-00069;-00020;
+16248;+01096;+02120;+03840;-00043;-00081;-00043;
+16212;+01116;+01972;+03838;-00029;-00082;-00070;
+16220;+01296;+01844;+03837;-00021;-00088;-00093;
+16240;+01264;+01920;+03838;-00027;-00111;-00111;
+16288;+01208;+01920;+03839;-00050;-00149;-00118;
+16372;+01112;+02240;+03841;-00073;-00181;-00115;
+16552;+01124;+02260;+03842;-00086;-00192;-00105;
+16636;+01188;+02056;+03842;-00085;-00199;-00094;
+16588;+01224;+01912;+03842;-00064;-00212;-00086;
+16648;+01168;+02096;+03842;-00042;-00218;-00088;
+16448;+01148;+01928;+03841;-00019;-00203;-00096;
+16384;+01296;+01832;+03842;-00006;-00191;-00109;
+16264;+01280;+01688;+03844;-00005;-00197;-00122;
+16012;+01168;+01720;+03844;-00021;-00196;-00129;
+16168;+01212;+01700;+03843;-00052;-00172;-00124;
+16292;+01264;+01864;+03843;-00085;-00130;-00111;
+16476;+01220;+01984;+03841;-00112;-00082;-00101;
+16560;+01188;+01996;+03841;-00123;-00052;-00096;
+16604;+01216;+01956;+03841;-00119;-00015;-00095;
+16592;+01216;+02112;+03840;-00113;+00021;-00089;
+16640;+01212;+02008;+03841;-00113;+00050;-00084;
+16440;+01148;+02028;+03842;-00124;+00065;-00081;
+16432;+01120;+01912;+03842;-00139;+00058;-00080;
+16412;+01248;+01708;+03840;-00150;+00050;-00078;
+16216;+01160;+01924;+03839;-00163;+00049;-00083;
+16052;+01220;+01864;+03840;-00173;+00062;-00089;
+16224;+01204;+01972;+03840;-00174;+00076;-00087;
+16372;+01128;+02028;+03840;-00161;+00090;-00093;
+16324;+01112;+01896;+03840;-00136;+00100;-00106;
+16460;+01292;+02032;+03840;-00117;+00113;-00109;
+16564;+01268;+02004;+03842;-00121;+00118;-00096;
+16556;+01272;+02120;+03841;-00139;+00100;-00074;
+16396;+01216;+02068;+03841;-00157;+00057;-00050;
+16492;+01240;+01996;+03842;-00169;+00004;-00030;
+16524;+01236;+01936;+03843;-00177;-00040;-00016;
+16372;+01124;+01948;+03843;-00175;-00059;-00018;
+16304;+01084;+01996;+03842;-00170;-00057;-00032;
+16476;+01204;+01900;+03841;-00153;-00029;-00042;
+16368;+01160;+01788;+03840;-00133;+00009;-00043;
+16312;+01128;+01868;+03841;-00121;+00037;-00045;
+16344;+01220;+01884;+03841;-00118;+00039;-00048;
+16340;+01188;+01908;+03841;-00124;+00018;-00059;
+16340;+01116;+01972;+03841;-00130;-00012;-00071;
+16308;+01120;+01960;+03843;-00137;-00024;-00073;
+16416;+01192;+01912;+03843;-00143;-00016;-00063;
+16600;+01236;+02004;+03844;-00141;-00006;-00050;
+16592;+01112;+01964;+03844;-00137;+00013;-00042;
+16732;+01084;+01984;+03843;-00128;+00045;-00037;
+16528;+01200;+01964;+03843;-00123;+00072;-00037;
+16240;+01248;+01776;+03842;-00114;+00074;-00041;
+16072;+01208;+01800;+03841;-00112;+00059;-00050;
+16060;+01088;+02040;+03841;-00114;+00035;-00060;
+16108;+01044;+01888;+03842;-00112;+00023;-00068;
+16136;+01124;+01956;+03841;-00096;+00034;-00074;
+16544;+01184;+01828;+03842;-00065;+00078;-00076;
+16616;+01260;+02056;+03840;-00038;+00116;-00075;
+16776;+01276;+02020;+03840;-00023;+00127;-00067;
+16640;+01280;+02064;+03838;-00023;+00100;-00044;
+16552;+01372;+01668;+03838;-00040;+00043;-00017;
+16364;+01304;+01812;+03838;-00073;-00026;+00008;
+16280;+01204;+01860;+03838;-00124;-00082;+00026;
+15984;+01136;+02012;+03839;-00166;-00098;+00032;
+15988;+03012;-06524;+03838;-00166;-00038;+00036;
+16736;+01752;+01704;+03838;-00101;+00025;+00046;
+16252;+01100;+01880;+03837;-00146;+00070;+00058;
+16460;+01028;+02016;+03836;-00169;+00112;+00084;
+16352;+00968;+02208;+03837;-00204;+00116;+00116;
+16796;+00980;+02188;+03839;-00236;+00113;+00160;
fim
