rotaciona o roll em +360, de 90 em 90

start
-02272;+00088;+16384;+02352;-00142;-00064;-00044;
-02340;+00076;+16356;+02352;-00121;-00046;-00046;
-02160;+00088;+16508;+02353;-00101;-00028;-00049;
-02040;+00172;+16532;+02353;-00093;-00004;-00055;
-01988;+00136;+16676;+02351;-00098;-00004;-00062;
-01968;+00280;+16700;+02352;-00109;-00055;-00067;
-02244;+00180;+16800;+02352;-00115;-00154;-00072;
-02488;+00108;+17052;+02352;-00117;-00277;-00076;
-02456;+00084;+16708;+02352;-00117;-00345;-00072;
-02232;+00024;+16528;+02351;-00113;-00332;-00065;
-01884;+00096;+16456;+02351;-00105;-00285;-00058;
-01732;+00268;+16440;+02351;-00099;-00263;-00055;
-01940;+00176;+16772;+02352;-00106;-00288;-00061;
-02348;+00100;+17008;+02352;-00122;-00329;-00067;
-02168;+00080;+16848;+02353;-00134;-00343;-00072;
-02128;+00152;+17040;+02355;-00132;-00323;-00069;
-01984;+00204;+16720;+02355;-00120;-00279;-00069;
-02132;+00196;+16948;+02356;-00112;-00243;-00067;
-02244;+00228;+16688;+02355;-00111;-00233;-00065;
-02180;+00264;+16624;+02355;-00101;-00236;-00058;
-02188;+00220;+16512;+02355;-00094;-00225;-00048;
-02204;+00216;+16844;+02355;-00092;-00213;-00041;
-01988;+00196;+16652;+02354;-00103;-00183;-00040;
-01824;+00148;+16844;+02353;-00104;-00125;-00042;
-01916;+00160;+16900;+02353;-00106;-00051;-00045;
-02004;+00152;+17064;+02355;-00110;+00033;-00047;
-02020;+00188;+16820;+02355;-00115;+00122;-00042;
-02064;+00124;+16776;+02355;-00124;+00174;-00030;
-02036;+00140;+16708;+02354;-00133;+00182;-00021;
-02212;+00172;+16952;+02353;-00151;+00163;-00017;
-02232;+00196;+16768;+02354;-00167;+00155;-00019;
-02096;+00180;+16516;+02354;-00175;+00182;-00026;
-02108;+00108;+16460;+02354;-00167;+00210;-00031;
-02224;+00272;+16648;+02355;-00155;+00209;-00038;
-02200;+00140;+16776;+02354;-00157;+00158;-00038;
-02264;+00052;+16840;+02354;-00167;+00082;-00034;
-02248;+00104;+16712;+02354;-00179;+00012;-00024;
-02116;-00084;+17116;+02355;-00190;-00004;-00014;
-02036;-00020;+17300;+02353;-00203;+00091;-00003;
-02148;+00132;+16540;+02354;-00202;+00291;+00006;
-02200;+00280;+16380;+02355;-00180;+00445;+00013;
-02100;+00220;+16184;+02355;-00161;+00501;+00018;
-01968;+00100;+16336;+02356;-00147;+00474;+00021;
-02184;+00128;+16612;+02358;-00147;+00381;+00005;
-02380;+00124;+16812;+02358;-00150;+00255;-00021;
-02292;+00124;+16884;+02357;-00144;+00156;-00036;
-02304;+00044;+16680;+02357;-00126;+00139;-00039;
-02216;+00088;+16524;+02358;-00107;+00188;-00031;
-02208;+00212;+16644;+02359;-00108;+00230;-00017;
-02160;+00192;+16640;+02360;-00117;+00237;-00009;
-02148;+00144;+16704;+02357;-00129;+00218;-00002;
-02144;+00080;+16848;+02359;-00148;+00171;-00005;
-02024;+00156;+16904;+02359;-00166;+00080;-00012;
-02132;+00132;+16944;+02358;-00173;-00031;-00021;
-02208;+00096;+16920;+02358;-00153;-00108;-00038;
-02152;+00020;+16636;+02358;-00125;-00103;-00047;
-02212;+00056;+16428;+02360;-00088;-00021;-00055;
-02208;+00092;+16332;+02361;-00064;+00105;-00066;
-02080;+00188;+16524;+02359;-00064;+00191;-00072;
-01980;+00348;+16724;+02360;-00081;+00183;-00074;
-01904;+00300;+17032;+02360;-00113;+00108;-00076;
-01948;+00296;+16952;+02359;-00154;+00012;-00080;
-02232;+00252;+16688;+02358;-00175;-00062;-00072;
-02396;+00164;+16588;+02358;-00179;-00082;-00059;
-02492;+00088;+16696;+02357;-00171;-00044;-00052;
-02352;+00204;+16676;+02357;-00154;+00031;-00054;
-02060;+00124;+16836;+02358;-00136;+00096;-00060;
-02000;+00264;+16772;+02358;-00118;+00140;-00064;
-01936;+00260;+16776;+02358;-00102;+00148;-00067;
-02052;+00148;+16764;+02359;-00096;+00122;-00067;
-02144;+00128;+16628;+02359;-00096;+00091;-00066;
-02308;+00092;+16740;+02359;-00104;+00074;-00065;
-02336;+00068;+16572;+02360;-00113;+00095;-00066;
-02296;+00024;+16716;+02360;-00107;+00151;-00065;
-02336;+00196;+16568;+02360;-00093;+00215;-00064;
-02320;+00188;+16636;+02361;-00082;+00243;-00062;
-02316;+00260;+16780;+02362;-00077;+00229;-00059;
-02308;+00156;+16836;+02362;-00078;+00180;-00052;
-02236;+00136;+16816;+02361;-00086;+00107;-00041;
-02008;+00132;+16672;+02362;-00097;+00049;-00031;
-02040;+00116;+16624;+02361;-00112;+00032;-00024;
-02088;+00020;+16476;+02361;-00120;+00060;-00027;
-02160;+00008;+16672;+02361;-00121;+00080;-00033;
-02208;+00124;+16696;+02359;-00121;+00064;-00044;
-02280;+00196;+16960;+02359;-00116;+00021;-00052;
-02304;+00236;+16748;+02360;-00113;-00015;-00060;
-02292;+00196;+16584;+02360;-00106;-00042;-00059;
-02124;+00240;+16624;+02360;-00109;-00068;-00053;
-02212;+00272;+16648;+02360;-00114;-00082;-00051;
-02256;+00144;+16584;+02361;-00125;-00086;-00050;
-02276;+00116;+16612;+02361;-00137;-00077;-00051;
-02196;+00108;+16624;+02362;-00149;-00080;-00052;
-02212;+00280;+16972;+02362;-00159;-00132;-00070;
-02276;+00256;+16972;+02361;-00163;-00201;-00092;
-02256;+00208;+16788;+02361;-00154;-00242;-00103;
-02120;+00136;+16868;+02362;-00140;-00240;-00095;
-01916;+00020;+16524;+02362;-00137;-00195;-00065;
-01840;+00020;+16368;+02362;-00143;-00133;-00031;
-02148;+00076;+16272;+02364;-00156;-00107;+00001;
-02372;+00352;+16740;+02363;-00172;-00140;+00026;
-02236;+00348;+16644;+02363;-00181;-00196;+00051;
-02088;+00184;+16652;+02363;-00171;-00255;+00066;
-02156;+00104;+16640;+02364;-00139;-00288;+00067;
-02248;-00008;+16632;+02364;-00103;-00290;+00053;
-02072;+00044;+16876;+02364;-00080;-00263;+00028;
-02000;+00128;+16784;+02364;-00078;-00213;+00007;
-01912;+00132;+16860;+02363;-00091;-00155;-00004;
-01908;+00216;+16960;+02363;-00118;-00113;-00011;
-02044;+00128;+16992;+02363;-00149;-00094;-00015;
-02188;+00108;+16960;+02362;-00174;-00072;-00024;
-02280;+00068;+16744;+02362;-00189;-00038;-00034;
-02360;+00128;+16608;+02361;-00197;-00001;-00050;
-02332;+00184;+16592;+02362;-00195;+00031;-00066;
-02300;+00120;+16636;+02362;-00187;+00061;-00075;
-02128;+00128;+16552;+02363;-00183;+00102;-00066;
-01728;+00116;+16492;+02363;-00186;+00149;-00044;
-01684;+00112;+16444;+02364;-00186;+00187;-00030;
-01816;+00056;+16708;+02363;-00183;+00187;-00025;
-01952;+00152;+16840;+02362;-00172;+00164;-00030;
-02188;+00236;+16892;+02361;-00162;+00144;-00044;
-02268;+00312;+17028;+02362;-00157;+00129;-00062;
-02212;+00196;+16900;+02362;-00163;+00114;-00080;
-02200;+00196;+16696;+02363;-00173;+00102;-00091;
-02064;+00216;+16728;+02362;-00180;+00086;-00097;
-02084;+00196;+16676;+02362;-00184;+00068;-00102;
-02220;+00112;+16648;+02362;-00187;+00053;-00105;
-02136;+00212;+16704;+02363;-00187;+00047;-00100;
-02196;+00284;+16704;+02365;-00191;+00040;-00092;
-02304;+00228;+16768;+02366;-00194;+00025;-00081;
-02288;+00124;+16788;+02367;-00198;+00004;-00071;
-02296;+00044;+16560;+02365;-00197;-00012;-00061;
-02180;+00160;+16688;+02364;-00192;-00023;-00052;
-02256;+00120;+16728;+02363;-00190;-00019;-00051;
-02208;+00052;+16632;+02364;-00189;-00009;-00051;
-02124;+00160;+16532;+02364;-00194;-00015;-00048;
-02280;+00072;+16812;+02364;-00203;-00045;-00043;
-02528;-00024;+16928;+02363;-00219;-00075;-00037;
-02608;-00136;+16744;+02363;-00227;-00068;-00019;
-02348;-00112;+16892;+02363;-00224;-00026;+00005;
-02172;+00028;+16592;+02363;-00223;+00044;+00027;
-02004;+00032;+16568;+02364;-00218;+00115;+00043;
-01936;+00052;+16592;+02364;-00215;+00173;+00051;
-01836;+00024;+16680;+02365;-00212;+00210;+00049;
-01864;-00040;+16868;+02365;-00206;+00218;+00037;
-01984;+00148;+16764;+02367;-00192;+00194;+00020;
-02152;+00168;+16788;+02366;-00168;+00154;+00005;
-02388;+00188;+16640;+02368;-00152;+00123;-00005;
-02224;+00172;+16852;+02370;-00143;+00120;-00008;
-02080;+00116;+16836;+02369;-00147;+00146;-00007;
-01876;-00080;+16848;+02368;-00158;+00195;-00017;
-01520;-00096;+16660;+02367;-00169;+00254;-00035;
-01712;+00056;+16660;+02367;-00181;+00285;-00056;
-02040;+00096;+16640;+02367;-00189;+00262;-00078;
-02200;+00184;+16748;+02366;-00186;+00196;-00094;
-02384;+00336;+17100;+02365;-00178;+00131;-00103;
-02384;+00184;+16748;+02367;-00166;+00099;-00107;
-02364;-00132;+16716;+02367;-00154;+00123;-00103;
-02116;+00024;+16572;+02368;-00150;+00183;-00096;
-02064;-00072;+16428;+02367;-00153;+00232;-00099;
-02160;-00056;+16432;+02367;-00168;+00224;-00109;
-02260;+00204;+16692;+02367;-00184;+00164;-00117;
-02364;+00384;+17036;+02367;-00190;+00096;-00118;
-02280;+00552;+17016;+02368;-00188;+00053;-00117;
-02232;+00348;+17172;+02368;-00174;+00038;-00120;
-02160;+00276;+16744;+02368;-00143;+00048;-00125;
-02156;-00120;+16576;+02368;-00104;+00064;-00124;
-02252;-00232;+16576;+02367;-00064;+00065;-00116;
-02452;-00324;+16440;+02368;-00033;+00071;-00117;
-02424;-00332;+16928;+02369;-00022;+00078;-00117;
-02236;-00032;+17180;+02369;-00018;+00107;-00113;
-02356;+00276;+17092;+02367;-00014;+00164;-00107;
-02104;+00676;+17192;+02367;+00003;+00212;-00100;
-01972;+00924;+17212;+02368;+00035;+00231;-00099;
-01940;+00468;+16928;+02369;+00086;+00218;-00124;
-01956;+00188;+16908;+02370;+00141;+00186;-00158;
-02096;+00032;+16780;+02369;+00192;+00141;-00200;
-02204;+00144;+16924;+02369;+00244;+00096;-00248;
-01772;+00780;+17416;+02370;+00299;+00083;-00293;
-02404;+00716;+17900;+02369;+00358;+00111;-00357;
-02484;+00136;+17920;+02370;+00446;+00182;-00426;
-02420;-00484;+17016;+02371;+00565;+00320;-00472;
-02144;-00692;+16304;+02370;+00680;+00458;-00493;
-01836;-00256;+16348;+02372;+00740;+00531;-00498;
-01620;+00188;+16832;+02373;+00759;+00514;-00501;
-01420;+00588;+17688;+02371;+00773;+00424;-00510;
-01540;+00584;+18288;+02371;+00826;+00305;-00533;
-01760;+00588;+18672;+02371;+00974;+00202;-00571;
-02140;+00888;+18372;+02372;+01241;+00134;-00614;
-02588;+01132;+18468;+02371;+01589;+00069;-00655;
-02868;+01164;+18612;+02370;+01971;+00004;-00661;
-02992;+00696;+18248;+02369;+02360;-00043;-00610;
-02872;+00504;+17968;+02369;+02732;-00088;-00508;
-02784;+00680;+18388;+02368;+03078;-00170;-00386;
-02912;+00924;+18444;+02368;+03425;-00279;-00285;
-02836;+01272;+18400;+02371;+03786;-00381;-00225;
-02512;+01736;+18336;+02371;+04166;-00438;-00206;
-02656;+01532;+19152;+02372;+04563;-00422;-00238;
-03192;+01472;+18396;+02371;+04976;-00265;-00279;
-02884;+01476;+17380;+02372;+05404;-00020;-00268;
-02256;+01480;+17148;+02373;+05769;+00187;-00206;
-01900;+01364;+16576;+02372;+06061;+00286;-00140;
-01536;+01724;+16576;+02372;+06269;+00268;-00114;
-01488;+01868;+16756;+02371;+06411;+00144;-00135;
-01916;+02116;+16540;+02372;+06523;-00050;-00179;
-02024;+02564;+16020;+02370;+06629;-00292;-00181;
-02244;+02772;+16124;+02370;+06692;-00575;-00118;
-02160;+02900;+15980;+02371;+06715;-00854;+00000;
-02132;+02876;+15920;+02370;+06709;-01086;+00151;
-02480;+02336;+16580;+02370;+06669;-01237;+00265;
-02436;+02012;+16388;+02372;+06593;-01212;+00309;
-01576;+02708;+14780;+02372;+06491;-00933;+00296;
-01096;+03224;+14988;+02372;+06287;-00557;+00193;
-01472;+03468;+15516;+02373;+05998;-00208;-00022;
-02000;+03780;+15516;+02375;+05685;+00069;-00271;
-02264;+03984;+15680;+02373;+05392;+00238;-00457;
-02576;+03912;+16168;+02375;+05150;+00281;-00523;
-02696;+03688;+16252;+02374;+05002;+00226;-00464;
-02808;+03424;+16500;+02374;+04960;+00116;-00324;
-02072;+03648;+15956;+02373;+04999;+00028;-00178;
-01516;+03704;+15972;+02374;+05068;+00019;-00114;
-01728;+03484;+16096;+02373;+05105;+00119;-00186;
-01876;+04112;+15188;+02372;+05106;+00321;-00353;
-01796;+04552;+15524;+02373;+05034;+00515;-00541;
-02032;+04708;+15704;+02372;+04925;+00617;-00694;
-02416;+05012;+15872;+02373;+04816;+00603;-00765;
-02532;+05284;+15900;+02374;+04716;+00460;-00742;
-02252;+05236;+15780;+02374;+04656;+00249;-00630;
-02404;+04580;+16096;+02373;+04632;+00022;-00485;
-02276;+04232;+15604;+02375;+04639;-00157;-00358;
-02892;+03696;+15636;+02375;+04645;-00247;-00284;
-02992;+04072;+14960;+02375;+04601;-00192;-00246;
-02204;+05204;+14412;+02377;+04470;+00000;-00208;
-01800;+05808;+15024;+02375;+04234;+00235;-00197;
-01656;+06136;+15688;+02375;+03942;+00434;-00240;
-01860;+06416;+15968;+02375;+03664;+00579;-00312;
-02244;+06280;+16428;+02376;+03466;+00655;-00371;
-02560;+06048;+16548;+02375;+03405;+00688;-00376;
-02572;+05796;+16516;+02375;+03493;+00703;-00327;
-02000;+05844;+15964;+02376;+03716;+00682;-00248;
-01980;+05124;+15940;+02376;+04021;+00578;-00191;
-02508;+04688;+14712;+02376;+04323;+00459;-00180;
-02788;+05340;+14124;+02374;+04533;+00364;-00169;
-02512;+06256;+14416;+02372;+04565;+00264;-00135;
-02008;+07032;+14892;+02371;+04441;+00178;-00067;
-01828;+07460;+15496;+02372;+04225;+00114;-00006;
-02044;+07360;+16172;+02373;+04010;+00061;+00008;
-02888;+06896;+16556;+02374;+03872;+00029;-00020;
-03128;+07020;+16960;+02375;+03855;+00080;-00052;
-02936;+06652;+17472;+02376;+03978;+00236;-00053;
-03252;+06420;+16404;+02376;+04229;+00488;+00005;
-02488;+06544;+15516;+02374;+04583;+00693;+00140;
-02076;+06692;+14996;+02373;+04960;+00716;+00300;
-02156;+06980;+14688;+02373;+05289;+00578;+00438;
-02432;+07404;+14368;+02375;+05524;+00372;+00549;
-02736;+08036;+14680;+02372;+05649;+00178;+00650;
-02828;+08220;+15172;+02372;+05700;+00045;+00767;
-02596;+08272;+15116;+02373;+05742;-00006;+00888;
-02464;+07668;+15324;+02374;+05818;-00033;+00984;
-02192;+06896;+14648;+02375;+05939;-00047;+01022;
-01940;+06568;+14372;+02375;+06042;+00002;+00991;
-01440;+07272;+13216;+02376;+06076;+00126;+00907;
-01260;+08192;+12984;+02375;+05979;+00253;+00762;
-02056;+08540;+13272;+02373;+05725;+00332;+00564;
-02496;+08764;+13452;+02373;+05362;+00387;+00382;
-02688;+08540;+13776;+02373;+04958;+00382;+00304;
-02192;+08452;+14420;+02372;+04598;+00277;+00352;
-01960;+08568;+14516;+02374;+04349;+00062;+00477;
-02044;+08644;+14932;+02375;+04225;-00232;+00606;
-02076;+08456;+15116;+02377;+04214;-00505;+00708;
-01740;+08496;+14392;+02378;+04290;-00664;+00780;
-01516;+08764;+14036;+02377;+04375;-00742;+00802;
-01660;+08916;+13824;+02377;+04425;-00779;+00737;
-01908;+09044;+13992;+02378;+04432;-00787;+00610;
-02216;+09224;+13872;+02377;+04408;-00769;+00468;
-02180;+09460;+14152;+02378;+04372;-00744;+00346;
-02180;+09668;+14740;+02377;+04347;-00713;+00259;
-02956;+09496;+15520;+02376;+04379;-00661;+00220;
-03492;+09520;+14540;+02376;+04502;-00521;+00280;
-02472;+09620;+14372;+02376;+04727;-00351;+00446;
-01724;+09720;+14336;+02376;+05009;-00201;+00636;
-01148;+10000;+13692;+02377;+05335;-00083;+00735;
-01432;+10052;+13548;+02376;+05650;+00000;+00660;
-02040;+10172;+13004;+02376;+05900;+00094;+00425;
-02632;+10276;+13352;+02375;+06063;+00231;+00107;
-03228;+10448;+13816;+02374;+06142;+00458;-00196;
-02484;+11112;+13260;+02374;+06218;+00774;-00403;
-02136;+11276;+13388;+02375;+06299;+01053;-00519;
-01748;+10948;+13540;+02376;+06438;+01203;-00587;
-01904;+10504;+13548;+02376;+06667;+01187;-00653;
-02272;+09768;+13908;+02375;+06964;+01016;-00737;
-02736;+09632;+13664;+02375;+07289;+00830;-00784;
-02652;+10704;+11440;+02375;+07617;+00765;-00708;
-02524;+11224;+11908;+02374;+07834;+00757;-00539;
-03048;+11264;+12088;+02375;+07930;+00769;-00333;
-02504;+11972;+11576;+02376;+07957;+00844;-00076;
-01300;+12260;+12260;+02378;+07947;+00891;+00219;
-00784;+12196;+12324;+02380;+07975;+00828;+00478;
-01288;+11732;+12420;+02380;+08091;+00603;+00640;
-02468;+11280;+12140;+02377;+08279;+00291;+00715;
-02360;+11768;+10836;+02376;+08489;+00073;+00770;
-02148;+12072;+11020;+02376;+08630;-00022;+00811;
-02032;+12308;+10480;+02376;+08673;+00015;+00806;
-01192;+12972;+10204;+02377;+08631;+00125;+00750;
-00996;+13108;+10252;+02377;+08505;+00222;+00616;
-01672;+13304;+10260;+02378;+08318;+00271;+00395;
-02420;+13492;+10652;+02378;+08093;+00296;+00161;
-03032;+13320;+10340;+02377;+07880;+00336;-00011;
-03296;+12868;+10452;+02378;+07717;+00387;-00066;
-02852;+12392;+10308;+02377;+07622;+00425;-00004;
-02748;+12340;+09492;+02379;+07595;+00463;+00125;
-02176;+12532;+08920;+02378;+07586;+00500;+00253;
-01780;+13372;+08668;+02377;+07534;+00500;+00315;
-01544;+14352;+09188;+02377;+07413;+00451;+00282;
-01700;+14596;+09224;+02379;+07250;+00375;+00172;
-02028;+14296;+09596;+02378;+07084;+00304;+00019;
-02788;+13352;+10556;+02378;+06960;+00301;-00143;
-02484;+12772;+09640;+02378;+06961;+00455;-00259;
-02260;+12696;+09148;+02378;+07060;+00684;-00321;
-02604;+12704;+09352;+02377;+07210;+00876;-00330;
-02932;+13040;+08032;+02379;+07373;+01017;-00274;
-02132;+13572;+07256;+02380;+07490;+01082;-00121;
-02076;+13600;+07152;+02379;+07484;+01030;+00080;
-02136;+13688;+07296;+02376;+07361;+00899;+00271;
-02392;+13884;+07408;+02375;+07138;+00711;+00443;
-02400;+14364;+07848;+02376;+06854;+00530;+00608;
-02344;+14840;+08136;+02377;+06548;+00400;+00763;
-02100;+14796;+08264;+02379;+06290;+00327;+00902;
-02356;+14448;+08216;+02380;+06118;+00289;+01025;
-02236;+14228;+07896;+02380;+06044;+00258;+01132;
-01572;+14812;+07668;+02379;+06049;+00186;+01202;
-01276;+15240;+06968;+02379;+06092;+00034;+01192;
-01708;+15364;+06848;+02379;+06133;-00185;+01088;
-02260;+15280;+06960;+02379;+06110;-00375;+00909;
-01892;+15424;+06884;+02380;+06050;-00451;+00710;
-01756;+15552;+07528;+02378;+05978;-00449;+00522;
-01600;+15780;+07568;+02378;+05977;-00420;+00371;
-02008;+15840;+07740;+02379;+06072;-00463;+00269;
-02572;+15780;+07852;+02379;+06270;-00532;+00237;
-01916;+15604;+06448;+02379;+06548;-00548;+00270;
-01708;+15324;+06464;+02378;+06848;-00583;+00329;
-01776;+15300;+06200;+02378;+07134;-00654;+00381;
-02088;+15300;+06084;+02377;+07405;-00754;+00416;
-02220;+15820;+05504;+02378;+07619;-00824;+00451;
-01600;+15956;+05444;+02379;+07775;-00846;+00486;
-00940;+15652;+04804;+02380;+07882;-00888;+00482;
-01184;+15468;+04960;+02382;+07971;-01009;+00430;
-01876;+15912;+04968;+02384;+08025;-01168;+00354;
-02096;+16332;+04136;+02384;+08048;-01249;+00286;
-01656;+16188;+03844;+02384;+08008;-01270;+00243;
-01648;+15812;+03704;+02383;+07890;-01242;+00209;
-01504;+15552;+02932;+02386;+07700;-01160;+00153;
-01520;+15732;+02768;+02385;+07423;-01093;+00057;
-01920;+16072;+03372;+02383;+07076;-01050;-00069;
-01848;+16028;+03048;+02381;+06730;-01023;-00187;
-01972;+15560;+03892;+02382;+06439;-01053;-00264;
-02076;+15200;+03776;+02381;+06241;-01095;-00268;
-01484;+15140;+02128;+02383;+06151;-01093;-00199;
-00992;+15040;+01816;+02383;+06060;-01106;-00136;
-00768;+15000;+01068;+02382;+05897;-01121;-00133;
-01752;+15400;+01560;+02381;+05604;-01116;-00205;
-02080;+16264;+01260;+02381;+05155;-01025;-00324;
-02576;+16548;+02176;+02382;+04605;-00885;-00453;
-03084;+16540;+03544;+02383;+04028;-00782;-00537;
-03168;+16912;+03948;+02384;+03565;-00637;-00521;
-02676;+16576;+04012;+02384;+03319;-00446;-00424;
-02692;+15904;+04112;+02383;+03321;-00306;-00282;
-01276;+15592;+02504;+02383;+03563;-00201;-00123;
-01608;+15464;+02312;+02384;+03879;-00181;-00017;
-02164;+15944;+01384;+02383;+04145;-00137;-00006;
-02300;+16900;+01096;+02381;+04233;+00045;-00089;
-02404;+17312;+01164;+02381;+04097;+00333;-00242;
-02512;+17460;+01608;+02382;+03799;+00640;-00392;
-02272;+17196;+02792;+02382;+03462;+00824;-00439;
-02308;+16472;+03544;+02381;+03238;+00847;-00339;
-02264;+16016;+03044;+02381;+03201;+00775;-00108;
-01528;+15888;+02464;+02382;+03317;+00689;+00192;
-01328;+15592;+01936;+02381;+03499;+00642;+00456;
-01400;+15712;+01316;+02380;+03662;+00673;+00614;
-02008;+16088;+01924;+02380;+03756;+00750;+00654;
-02392;+16616;+01700;+02381;+03785;+00884;+00612;
-02312;+16784;+01928;+02382;+03812;+01056;+00546;
-02000;+16632;+02192;+02382;+03881;+01208;+00522;
-01796;+16784;+02556;+02383;+04049;+01347;+00567;
-01516;+16816;+02524;+02383;+04346;+01447;+00642;
-01192;+16868;+01496;+02383;+04722;+01514;+00685;
-01156;+16664;+00308;+02383;+05102;+01599;+00642;
-01444;+16208;-00064;+02384;+05407;+01693;+00491;
-01560;+15968;-00992;+02385;+05595;+01780;+00287;
-01844;+16236;-01784;+02383;+05591;+01879;+00053;
-01960;+15928;-01604;+02384;+05346;+01915;-00227;
-02188;+16128;-01428;+02386;+04887;+01907;-00529;
-02376;+16092;-00704;+02386;+04343;+01864;-00749;
-02104;+16072;-00528;+02386;+03849;+01740;-00801;
-02024;+16112;+00020;+02387;+03458;+01537;-00674;
-02044;+16168;+00108;+02386;+03151;+01345;-00434;
-01908;+16244;-00260;+02385;+02929;+01240;-00163;
-01320;+16544;-00040;+02386;+02728;+01164;+00084;
-00892;+17104;-00604;+02386;+02498;+01121;+00282;
-00952;+17132;+00624;+02387;+02201;+01090;+00426;
-01012;+17072;+01160;+02388;+01950;+01061;+00500;
-00448;+16896;+00416;+02388;+01860;+01011;+00532;
-00152;+16620;+00320;+02388;+01899;+00883;+00527;
-00704;+16440;-00076;+02387;+02000;+00707;+00467;
-00956;+16332;-01608;+02385;+02098;+00568;+00351;
-01592;+16056;-01520;+02385;+02126;+00439;+00214;
-01768;+16172;-02088;+02385;+02069;+00326;+00117;
-01692;+15988;-02828;+02384;+01940;+00146;+00064;
-02468;+15960;-01856;+02383;+01706;-00129;+00019;
-02796;+16280;-02148;+02383;+01365;-00327;+00008;
-02524;+16220;-02028;+02386;+00952;-00388;+00047;
-02724;+16112;-00704;+02386;+00496;-00389;+00130;
-02148;+16900;-00712;+02386;+00078;-00292;+00264;
-01740;+16832;-00272;+02387;-00261;-00144;+00391;
-01276;+16760;+00144;+02388;-00462;-00060;+00499;
-00860;+16756;-00168;+02388;-00494;-00054;+00606;
-00764;+16476;-00312;+02389;-00397;-00131;+00651;
-00912;+16360;-00496;+02387;-00267;-00238;+00602;
-01412;+16308;-00640;+02385;-00159;-00331;+00499;
-01360;+16380;-01140;+02384;-00110;-00375;+00409;
-01492;+16332;-01020;+02384;-00130;-00401;+00345;
-02084;+16500;-00508;+02385;-00216;-00430;+00298;
-02352;+17004;-00368;+02386;-00323;-00401;+00289;
-01848;+16900;-00460;+02385;-00411;-00288;+00324;
-01280;+16764;-00576;+02385;-00461;-00176;+00375;
-01220;+16800;-00916;+02385;-00464;-00100;+00419;
-01244;+16964;-00936;+02385;-00463;-00041;+00443;
-01404;+16704;-00800;+02384;-00468;-00018;+00449;
-01544;+16512;-00912;+02383;-00455;-00057;+00473;
-02416;+16308;-00264;+02385;-00445;-00118;+00555;
-01832;+16764;-00952;+02386;-00456;-00099;+00700;
-01076;+16432;-01064;+02387;-00494;-00036;+00857;
-00740;+16088;-01040;+02387;-00573;-00003;+00990;
-00728;+15884;-01216;+02386;-00699;+00000;+01099;
-00936;+15716;-01216;+02386;-00878;+00004;+01180;
-00832;+16032;-01344;+02386;-01108;-00040;+01272;
-01080;+16352;-00908;+02387;-01373;-00178;+01391;
-01160;+17304;+00568;+02387;-01680;-00352;+01520;
-00752;+18112;+01736;+02387;-01936;-00419;+01590;
+00024;+18212;+01932;+02389;-01973;-00359;+01508;
+00192;+17860;+01836;+02388;-01735;-00253;+01253;
+00024;+17236;+00472;+02388;-01309;-00139;+00895;
-00556;+16476;-00408;+02390;-00876;-00059;+00506;
-00836;+16384;-00768;+02388;-00587;-00009;+00164;
-01524;+16524;-00216;+02388;-00468;+00017;-00109;
-01656;+16676;-00376;+02391;-00439;+00061;-00301;
-02312;+16844;+00312;+02392;-00436;+00067;-00392;
-02320;+16896;-00164;+02391;-00415;+00044;-00333;
-02184;+16788;-00412;+02393;-00382;+00012;-00142;
-01712;+16872;-00360;+02393;-00385;-00014;+00103;
-01132;+17088;-00288;+02390;-00419;-00032;+00334;
-00632;+17160;+00064;+02392;-00465;-00041;+00497;
-00304;+16924;+00076;+02391;-00493;-00035;+00556;
-00260;+16560;-00152;+02391;-00493;-00028;+00518;
-00444;+16352;-00536;+02392;-00493;-00044;+00426;
-00992;+16476;-00156;+02393;-00531;-00057;+00317;
-01544;+16836;+00692;+02391;-00593;-00067;+00219;
-01572;+17052;+00964;+02391;-00614;-00079;+00165;
-01584;+16872;+00540;+02391;-00555;-00076;+00162;
-01224;+16520;-00076;+02390;-00444;-00046;+00216;
-00976;+16568;-00452;+02389;-00359;-00026;+00296;
-00460;+16724;-00140;+02391;-00350;-00012;+00351;
-00464;+16528;+00140;+02391;-00380;-00020;+00330;
-00588;+16500;+00056;+02392;-00397;-00040;+00259;
-00688;+16380;-00156;+02393;-00401;-00072;+00169;
-01244;+16596;+00384;+02392;-00401;-00098;+00068;
-01616;+16740;+00660;+02392;-00381;-00144;-00010;
-01228;+17072;+00380;+02391;-00329;-00158;-00033;
-01180;+16924;+00764;+02391;-00239;-00138;-00027;
-00916;+16796;+00064;+02392;-00117;-00107;-00023;
-01032;+16532;-00496;+02392;-00012;-00065;-00033;
-00840;+16380;-00784;+02392;+00026;-00035;-00042;
-00728;+16384;-00716;+02390;-00025;-00034;-00047;
-00996;+16476;-00292;+02391;-00142;-00063;-00076;
-01020;+16680;-00128;+02391;-00270;-00093;-00122;
-01320;+16584;+00516;+02392;-00365;-00104;-00166;
-01328;+16832;+00608;+02392;-00414;-00075;-00171;
-01328;+16956;+00472;+02393;-00398;-00044;-00139;
-01240;+16832;+00124;+02393;-00325;-00010;-00069;
-01088;+17060;-00008;+02392;-00241;+00024;+00021;
-00800;+17172;-00124;+02391;-00192;+00042;+00087;
-00576;+16944;+00072;+02392;-00177;+00038;+00093;
-00564;+16876;+00076;+02392;-00178;+00050;+00026;
-01076;+16716;+00412;+02392;-00169;+00073;-00073;
-01140;+16704;+00016;+02392;-00143;+00073;-00135;
-01164;+16692;+00248;+02391;-00110;+00072;-00131;
-01044;+16608;+00188;+02391;-00072;+00072;-00091;
-00892;+16716;+00020;+02391;-00027;+00067;-00066;
-01232;+16652;+00264;+02392;+00022;+00058;-00067;
-01144;+16716;+00020;+02391;+00077;+00050;-00058;
-01204;+16600;-00016;+02393;+00138;+00034;-00039;
-01092;+16508;-00032;+02392;+00180;+00022;-00005;
-00648;+16332;-00300;+02391;+00204;+00025;+00026;
-00420;+16256;-00360;+02391;+00196;+00022;+00028;
-00344;+16372;-00544;+02391;+00142;-00003;+00001;
-00740;+16276;-00160;+02391;+00062;-00039;-00077;
-01472;+16536;+00648;+02394;-00035;-00064;-00167;
-01592;+16696;+00560;+02394;-00078;-00064;-00209;
-01424;+16952;+00256;+02391;-00054;-00020;-00196;
-01196;+16784;+00000;+02392;+00005;+00035;-00142;
-00956;+16716;-00092;+02394;+00055;+00069;-00078;
-00776;+16608;-00400;+02393;+00066;+00084;-00051;
-01040;+16444;+00116;+02393;+00023;+00080;-00053;
-01312;+16468;+00076;+02392;-00038;+00070;-00047;
-01044;+16492;-00044;+02393;-00078;+00081;-00003;
-00516;+16300;-00188;+02393;-00112;+00114;+00065;
-00280;+16396;-00080;+02394;-00172;+00151;+00102;
-00584;+16300;+00304;+02394;-00244;+00181;+00068;
-01436;+16396;+00948;+02394;-00282;+00187;-00003;
-01944;+16760;+00552;+02394;-00242;+00188;-00003;
-01548;+16884;+00144;+02393;-00131;+00207;+00101;
-01112;+16660;+00048;+02392;-00015;+00223;+00231;
-00848;+16624;-00096;+02392;+00058;+00232;+00317;
-00824;+16780;+00340;+02393;+00098;+00229;+00345;
-00932;+16940;+00708;+02394;+00155;+00219;+00335;
-01212;+16940;+00952;+02393;+00252;+00245;+00308;
-01260;+16972;+00580;+02392;+00393;+00313;+00305;
-00620;+16660;+00072;+02392;+00551;+00397;+00338;
-00724;+16532;+00288;+02393;+00686;+00455;+00356;
-00508;+16440;-00036;+02393;+00796;+00484;+00328;
-00768;+16776;+00316;+02394;+00886;+00448;+00246;
-01212;+16900;+00624;+02394;+00969;+00365;+00146;
-01844;+16764;+01424;+02395;+01115;+00310;+00103;
-01728;+16636;+00760;+02395;+01380;+00345;+00192;
-00396;+16916;-00316;+02394;+01722;+00426;+00409;
-00480;+17364;-00100;+02395;+02058;+00520;+00661;
+00380;+17116;-00928;+02396;+02340;+00627;+00850;
+00488;+16616;-00284;+02396;+02521;+00649;+00914;
+00012;+16352;-00252;+02396;+02663;+00651;+00854;
-00748;+16572;-00544;+02395;+02754;+00602;+00701;
-00988;+16568;-00980;+02395;+02811;+00528;+00521;
-01564;+16540;-00072;+02399;+02828;+00441;+00379;
-01560;+16912;-00064;+02400;+02870;+00388;+00339;
-01152;+16784;-00676;+02399;+03004;+00367;+00407;
-01020;+16844;-00820;+02398;+03178;+00374;+00550;
-00716;+16804;-00996;+02399;+03356;+00424;+00722;
-00900;+16780;-00916;+02398;+03522;+00504;+00870;
-00700;+16640;-01628;+02398;+03655;+00599;+00965;
-00772;+16268;-01244;+02397;+03753;+00674;+01000;
-00464;+16312;-01332;+02399;+03808;+00729;+01009;
-00256;+16844;-01568;+02396;+03842;+00762;+00985;
-00272;+16896;-01656;+02394;+03889;+00722;+00906;
-02188;+15408;-03028;+02393;+03983;+00564;+00789;
-02656;+14720;-00384;+02392;+04083;+00257;+00758;
-00936;+15236;-00484;+02393;+04204;+00180;+00925;
-00796;+15312;+00200;+02394;+04506;+00270;+01206;
-00404;+15216;-00552;+02396;+04993;+00465;+01519;
+00764;+15484;-01044;+02395;+05602;+00645;+01819;
+01252;+15096;-01080;+02394;+06263;+00763;+02022;
+01968;+15660;-01432;+02394;+06918;+00806;+02046;
+02376;+16488;-01316;+02396;+07563;+00786;+01868;
+01444;+17416;-02676;+02397;+08217;+00797;+01504;
+01148;+18012;-06272;+02397;+08779;+00916;+01043;
+00140;+17736;-07128;+02400;+09079;+01029;+00598;
-00756;+16896;-05928;+02400;+09044;+01061;+00245;
-00732;+15176;-04400;+02398;+08814;+01019;+00029;
+00580;+14788;-04240;+02397;+08555;+00931;-00092;
+00784;+14996;-02772;+02397;+08358;+00804;-00268;
+00140;+15856;-02644;+02397;+08281;+00652;-00507;
-00356;+16800;-02160;+02397;+08383;+00519;-00701;
-00616;+16688;-02740;+02396;+08680;+00476;-00796;
-00560;+15776;-03252;+02397;+09124;+00519;-00810;
-00344;+14812;-03772;+02398;+09632;+00564;-00778;
-00092;+14444;-04188;+02398;+10141;+00597;-00721;
-00252;+14576;-04284;+02398;+10640;+00609;-00640;
-00940;+14724;-04916;+02398;+11118;+00653;-00541;
-00480;+14576;-04920;+02398;+11569;+00685;-00377;
-01132;+14708;-05440;+02396;+12023;+00715;-00183;
-00936;+14520;-06072;+02397;+12513;+00805;+00048;
-01112;+14680;-06792;+02399;+13039;+00919;+00316;
-01740;+15108;-07780;+02398;+13527;+01015;+00597;
-00564;+15008;-09248;+02398;+13882;+01101;+00971;
-00980;+14752;-11164;+02398;+14076;+01154;+01427;
+01056;+15144;-19456;+02398;+13892;+01407;+01846;
-00832;+14748;-16196;+02399;+13026;+01534;+02151;
-02848;+14128;-10836;+02399;+11582;+01334;+02394;
-01608;+14236;-07636;+02402;+10103;+00938;+02721;
-00568;+13772;-07664;+02402;+08949;+00731;+03058;
-00064;+13916;-07812;+02402;+08138;+00652;+03353;
+00112;+14056;-08444;+02401;+07586;+00595;+03528;
+00144;+13448;-08728;+02401;+07205;+00468;+03555;
+00372;+12760;-08400;+02400;+06919;+00259;+03498;
+01496;+12688;-08460;+02400;+06714;+00086;+03418;
+02376;+12644;-08328;+02401;+06584;-00008;+03311;
+02256;+12412;-08684;+02402;+06532;-00089;+03122;
+02896;+12464;-08488;+02402;+06554;-00263;+02793;
+03712;+11972;-08544;+02403;+06630;-00531;+02305;
+03552;+11816;-08516;+02403;+06776;-00917;+01689;
+02440;+11372;-09344;+02403;+07025;-01349;+00999;
+00688;+10836;-09768;+02402;+07335;-01689;+00337;
-00496;+10752;-10420;+02402;+07660;-01891;-00159;
-00060;+11356;-11868;+02403;+07930;-01959;-00444;
+01176;+11720;-11716;+02403;+08070;-01979;-00598;
+02032;+11796;-10400;+02403;+08095;-02023;-00752;
+01180;+11352;-09656;+02402;+08135;-02065;-00973;
-00308;+11160;-09604;+02404;+08292;-02075;-01221;
-01236;+10772;-10672;+02404;+08563;-02000;-01399;
-01348;+10480;-11952;+02404;+08841;-01810;-01436;
-01532;+10644;-13316;+02404;+08989;-01548;-01336;
-00612;+11328;-13184;+02404;+08947;-01214;-01136;
-00588;+11324;-13152;+02403;+08760;-00808;-00915;
-00788;+11120;-13216;+02402;+08485;-00364;-00701;
-01420;+10760;-12944;+02402;+08175;+00004;-00511;
-00984;+10820;-12252;+02403;+07869;+00148;-00351;
+00284;+11016;-11520;+02405;+07600;+00130;-00191;
+00524;+11364;-12020;+02405;+07425;+00094;-00043;
+00508;+11548;-14188;+02404;+07338;+00140;+00095;
+00736;+11396;-14448;+02403;+07294;+00095;+00188;
+00236;+10296;-14544;+02403;+07148;-00007;+00157;
-00088;+09896;-14588;+02404;+06882;-00143;+00040;
-00208;+10112;-13328;+02404;+06556;-00331;-00033;
-00180;+10608;-13164;+02405;+06231;-00455;-00045;
+00308;+10696;-12736;+02405;+05982;-00583;-00023;
+00164;+09852;-12820;+02404;+05806;-00659;-00040;
-00344;+09124;-12676;+02404;+05667;-00692;-00088;
-00928;+08632;-12940;+02404;+05513;-00623;-00084;
-00748;+08876;-13124;+02404;+05325;-00444;+00001;
+00612;+09864;-13484;+02405;+05142;-00246;+00161;
+01796;+10320;-13908;+02405;+04987;-00128;+00304;
+02168;+10192;-14048;+02404;+04868;-00152;+00337;
+01956;+10032;-13984;+02403;+04785;-00302;+00238;
+01460;+09288;-13924;+02404;+04731;-00527;+00038;
+00548;+08312;-12928;+02404;+04694;-00731;-00183;
-00068;+08068;-12660;+02404;+04680;-00735;-00306;
-00680;+07284;-12328;+02404;+04720;-00537;-00286;
-00136;+07484;-12172;+02404;+04825;-00289;-00128;
+00684;+07796;-12944;+02406;+04986;-00007;+00090;
+01016;+08084;-13484;+02406;+05183;+00222;+00239;
+00720;+08556;-13500;+02406;+05422;+00309;+00264;
+00172;+08804;-13200;+02405;+05722;+00254;+00216;
+00608;+08968;-12472;+02406;+06100;+00143;+00140;
+00688;+08332;-12276;+02406;+06537;+00082;+00034;
+00552;+07308;-13008;+02406;+07005;+00070;-00110;
+00284;+06560;-13672;+02406;+07449;+00078;-00256;
-00472;+06788;-14744;+02406;+07811;+00101;-00387;
-01472;+06476;-15260;+02407;+08057;+00093;-00480;
-00048;+07176;-15076;+02407;+08178;+00022;-00467;
+00612;+07084;-15024;+02407;+08197;-00040;-00417;
+00256;+06748;-15836;+02407;+08175;-00164;-00391;
+00316;+07252;-16652;+02406;+08135;-00363;-00372;
+00936;+07196;-16480;+02407;+08005;-00603;-00375;
+00676;+06452;-16060;+02408;+07761;-00798;-00427;
+00496;+05984;-13948;+02409;+07445;-00908;-00534;
-00012;+05616;-14432;+02409;+07144;-00902;-00675;
-00216;+06028;-13808;+02408;+06929;-00834;-00764;
-01600;+05944;-14300;+02406;+06804;-00556;-00767;
-01076;+06056;-15688;+02403;+06765;-00162;-00641;
+00120;+05648;-16376;+02404;+06728;+00217;-00452;
+01004;+05244;-15352;+02407;+06611;+00476;-00356;
+01192;+05416;-15100;+02408;+06432;+00580;-00403;
-00296;+04908;-14596;+02410;+06244;+00589;-00532;
-00356;+05140;-16920;+02410;+06087;+00556;-00612;
-00480;+05332;-17168;+02410;+05909;+00435;-00636;
-00036;+05116;-16668;+02410;+05651;+00296;-00645;
+00628;+04680;-15632;+02412;+05340;+00147;-00670;
+00932;+04824;-14088;+02413;+05057;+00085;-00715;
+00428;+04660;-13752;+02413;+04893;+00184;-00769;
-00100;+04448;-15356;+02412;+04903;+00356;-00837;
-00720;+04384;-15740;+02414;+05026;+00489;-00840;
-00544;+04352;-15428;+02412;+05182;+00509;-00771;
-00368;+04364;-16056;+02411;+05313;+00440;-00711;
+00100;+03924;-16924;+02411;+05357;+00346;-00730;
-00020;+03448;-16740;+02410;+05249;+00296;-00804;
-00256;+03220;-15548;+02410;+05048;+00277;-00847;
-00820;+03204;-15588;+02409;+04858;+00306;-00824;
-00468;+03300;-16028;+02409;+04724;+00333;-00712;
-00668;+03228;-16196;+02411;+04634;+00354;-00552;
-00636;+02904;-15932;+02410;+04555;+00329;-00391;
-00292;+03076;-15704;+02411;+04451;+00329;-00229;
+00104;+03320;-15412;+02411;+04339;+00392;-00075;
-00044;+03212;-15544;+02411;+04242;+00533;+00022;
+00080;+02808;-15448;+02410;+04165;+00692;+00048;
-00172;+02272;-14612;+02409;+04100;+00886;+00049;
-00592;+02452;-15064;+02409;+04089;+01068;+00131;
-00680;+02560;-15680;+02411;+04164;+01093;+00271;
-00400;+02704;-16768;+02410;+04280;+00907;+00411;
+00220;+02752;-16968;+02410;+04344;+00587;+00537;
+00752;+03012;-16568;+02410;+04306;+00315;+00642;
+00872;+03136;-16776;+02409;+04197;+00256;+00726;
+00716;+03004;-16880;+02410;+04056;+00360;+00775;
+00756;+02544;-16728;+02410;+03899;+00488;+00769;
+00728;+01728;-16136;+02412;+03706;+00565;+00718;
+00040;+01036;-16244;+02413;+03444;+00673;+00645;
-00580;+01392;-15548;+02413;+03124;+00752;+00582;
-00188;+02572;-15548;+02412;+02867;+00667;+00558;
+00448;+02868;-16780;+02414;+02793;+00414;+00580;
+00868;+02368;-17984;+02414;+02829;+00137;+00627;
+00816;+02092;-18228;+02413;+02812;-00059;+00658;
+01108;+02132;-17384;+02413;+02655;-00109;+00671;
+01276;+02124;-16032;+02413;+02427;-00012;+00662;
+01192;+01940;-15544;+02413;+02243;+00149;+00605;
+01292;+01664;-15536;+02413;+02168;+00314;+00517;
+00900;+01616;-16384;+02413;+02166;+00523;+00429;
+00484;+01432;-16604;+02411;+02175;+00779;+00353;
+00100;+01612;-16608;+02410;+02170;+00975;+00295;
+00108;+01740;-15372;+02409;+02221;+00924;+00230;
+00272;+01220;-14928;+02409;+02398;+00621;+00165;
+00288;+01112;-15644;+02410;+02668;+00237;+00125;
+00212;+00844;-16336;+02411;+02916;-00011;+00120;
+00548;+01060;-15944;+02411;+03026;-00044;+00155;
+00736;+01364;-15732;+02413;+03036;+00089;+00208;
+00484;+01252;-15856;+02414;+03038;+00286;+00249;
-00024;+00636;-16368;+02414;+03073;+00446;+00263;
-00320;+00388;-16832;+02415;+03117;+00479;+00240;
+00136;+00264;-16044;+02414;+03106;+00313;+00216;
+00732;+00528;-15192;+02414;+03061;+00011;+00208;
+00812;+01060;-16128;+02415;+03060;-00242;+00214;
+00484;+00952;-17848;+02416;+03068;-00308;+00222;
+00472;+00888;-18584;+02417;+02945;-00214;+00230;
+00824;+00824;-18024;+02416;+02630;-00072;+00233;
+01508;+00968;-17460;+02415;+02178;+00101;+00218;
+01108;+00712;-16388;+02414;+01699;+00363;+00169;
+00988;+00340;-15084;+02413;+01293;+00621;+00082;
+01028;+00004;-14692;+02412;+01025;+00729;-00023;
-00068;-00300;-16264;+02414;+00895;+00598;-00141;
-00160;+00508;-16764;+02415;+00824;+00224;-00220;
-00188;+00744;-16836;+02415;+00735;-00173;-00241;
+00324;+00856;-16348;+02414;+00626;-00426;-00226;
+00896;+00776;-15884;+02416;+00533;-00541;-00202;
+00812;+00496;-15896;+02416;+00470;-00531;-00202;
+00444;+00316;-15540;+02415;+00434;-00435;-00230;
-00008;+00144;-15436;+02414;+00432;-00322;-00260;
-00756;+00080;-16108;+02416;+00479;-00270;-00284;
-01372;-00100;-15944;+02416;+00565;-00376;-00263;
-00692;-00332;-15584;+02415;+00679;-00573;-00201;
+00260;+00352;-15556;+02417;+00832;-00794;-00119;
+00536;+00228;-15556;+02420;+01007;-00890;-00026;
+00604;+00124;-18036;+02419;+01138;-00698;+00044;
+01256;+00724;-19196;+02416;+01107;-00307;+00113;
+01756;+00860;-19108;+02417;+00854;+00013;+00141;
+00744;+00088;-17336;+02417;+00449;+00131;+00066;
+00324;-00056;-16828;+02418;+00007;+00112;-00045;
+00380;+00296;-16852;+02416;-00400;+00066;-00118;
+00404;+00512;-16580;+02417;-00736;+00013;-00162;
+00408;+00684;-16520;+02418;-00967;-00049;-00187;
+00500;+00632;-16124;+02421;-01101;-00129;-00205;
+00352;+00348;-15532;+02420;-01159;-00230;-00225;
+00176;+00244;-15572;+02420;-01165;-00365;-00233;
+00312;+00204;-15312;+02419;-01145;-00493;-00212;
+00492;+00276;-15668;+02418;-01129;-00526;-00161;
+00184;+00644;-16408;+02418;-01121;-00424;-00112;
+00108;+00588;-16908;+02416;-01122;-00262;-00091;
+00028;+00396;-16536;+02416;-01153;-00136;-00091;
+00088;+00184;-16288;+02417;-01217;-00077;-00102;
+00176;+00172;-16352;+02417;-01319;-00066;-00109;
+00256;+00376;-16404;+02418;-01461;-00092;-00111;
+00440;+00556;-16472;+02419;-01617;-00146;-00097;
+00444;+00680;-16640;+02418;-01757;-00177;-00064;
+00188;+00608;-16676;+02420;-01884;-00174;-00028;
+00336;+00636;-16444;+02420;-02023;-00150;+00000;
+00516;+00928;-16000;+02419;-02151;-00136;+00019;
-00472;+01256;-16388;+02419;-02184;-00078;+00010;
-00012;+01072;-15220;+02418;-02047;+00081;+00006;
+00468;+00840;-16788;+02419;-01751;+00254;+00032;
-00068;+01220;-17452;+02420;-01441;+00353;+00067;
+00280;+01280;-16640;+02422;-01208;+00312;+00120;
+00612;+01592;-15420;+02421;-01010;+00147;+00162;
+00648;+01184;-15512;+02420;-00779;-00014;+00175;
+00236;+00980;-15748;+02421;-00531;+00009;+00155;
+00192;+00972;-16184;+02420;-00346;+00227;+00146;
+00320;+01316;-16048;+02421;-00242;+00465;+00168;
+00100;+00860;-15972;+02421;-00199;+00579;+00184;
+00536;+01220;-15596;+02421;-00190;+00566;+00208;
+00496;+01124;-15928;+02421;-00206;+00515;+00223;
+00484;+01040;-16132;+02421;-00243;+00422;+00185;
+00276;+01144;-16416;+02422;-00309;+00325;+00130;
+00248;+01080;-16040;+02424;-00390;+00223;+00066;
+00396;+01160;-15852;+02423;-00470;+00159;+00029;
+00428;+01104;-16000;+02421;-00519;+00209;+00016;
+00548;+01136;-16032;+02423;-00530;+00333;+00017;
+00400;+01176;-16028;+02423;-00507;+00497;+00006;
+00116;+01084;-16292;+02424;-00461;+00644;-00027;
+00256;+01028;-16184;+02423;-00405;+00724;-00073;
+00456;+00832;-16148;+02422;-00354;+00763;-00119;
+00576;+00704;-16096;+02422;-00308;+00793;-00151;
+00512;+00712;-15780;+02424;-00278;+00820;-00167;
+00456;+00800;-15900;+02425;-00267;+00883;-00172;
+00372;+00728;-16112;+02426;-00254;+00977;-00183;
+00412;+00728;-16068;+02425;-00228;+01025;-00203;
+00640;+00656;-16164;+02424;-00207;+01014;-00216;
+00868;+00736;-16120;+02422;-00203;+00949;-00218;
+01000;+00940;-16176;+02423;-00204;+00828;-00212;
+00692;+01316;-16144;+02423;-00210;+00693;-00201;
+00912;+00796;-16592;+02424;-00215;+00578;-00183;
+00592;+00992;-16256;+02424;-00244;+00456;-00160;
+00480;+01000;-16224;+02425;-00300;+00316;-00149;
+00432;+01092;-16424;+02425;-00374;+00188;-00144;
+00616;+01232;-16404;+02425;-00455;+00010;-00139;
+00876;+01156;-16408;+02425;-00534;-00238;-00130;
+00888;+01044;-16496;+02424;-00608;-00569;-00112;
+00416;+00912;-15852;+02426;-00674;-00930;-00102;
+00008;+00944;-15576;+02425;-00707;-01109;-00116;
+00280;+01328;-15956;+02423;-00695;-00960;-00118;
+00512;+01612;-15944;+02423;-00648;-00652;-00096;
+00576;+01616;-15616;+02422;-00597;-00372;-00080;
+00520;+01536;-15572;+02422;-00535;-00169;-00085;
+00128;+01364;-15740;+02424;-00458;-00013;-00105;
+00188;+01108;-16244;+02424;-00378;+00125;-00122;
+00368;+01196;-16508;+02425;-00324;+00189;-00128;
+00656;+01216;-16344;+02423;-00317;+00109;-00123;
+00660;+01252;-15684;+02423;-00346;-00044;-00109;
+00780;+01416;-15644;+02423;-00363;-00093;-00075;
+00756;+01656;-15904;+02424;-00334;+00034;-00022;
+00584;+01752;-16000;+02424;-00278;+00277;+00031;
+00568;+01640;-16472;+02425;-00216;+00539;+00065;
+00232;+01412;-16648;+02427;-00173;+00647;+00051;
+00236;+01028;-16324;+02429;-00149;+00480;-00026;
+00388;+00952;-15840;+02430;-00162;+00226;-00120;
+00744;+00932;-15744;+02429;-00196;+00060;-00176;
+01104;+01088;-16024;+02428;-00211;+00027;-00190;
+01124;+01196;-16060;+02426;-00196;+00062;-00175;
+00848;+01304;-16104;+02427;-00154;+00097;-00145;
+00592;+01280;-16536;+02427;-00084;+00157;-00120;
+00144;+01084;-16396;+02429;+00002;+00203;-00102;
-00028;+00900;-16408;+02429;+00066;+00270;-00097;
+00296;+01000;-16216;+02431;+00090;+00338;-00110;
+00756;+01148;-16088;+02431;+00089;+00326;-00150;
+00768;+01060;-16084;+02432;+00077;+00166;-00208;
+00712;+00836;-15656;+02432;+00085;-00133;-00275;
+00784;+00736;-15756;+02431;+00106;-00385;-00298;
+00836;+00988;-16688;+02430;+00118;-00483;-00250;
+00704;+01364;-16492;+02430;+00109;-00589;-00153;
+00304;+01012;-16848;+02428;+00098;-00753;-00075;
+00008;-00156;-17212;+02427;+00061;-00907;-00021;
+00420;+01236;-15392;+02427;-00022;-01168;+00110;
-00580;+01436;-14036;+02427;-00107;-01505;+00243;
-00052;+01304;-15108;+02428;-00178;-01449;+00247;
+00612;+01404;-16540;+02429;-00202;-01174;+00168;
+00484;+01272;-16876;+02428;-00210;-00969;+00064;
+00536;+01108;-16564;+02430;-00208;-00964;-00018;
+00252;+01136;-15892;+02430;-00195;-01017;-00077;
+00100;+01304;-15628;+02430;-00198;-00941;-00115;
+00248;+01328;-15876;+02431;-00202;-00726;-00132;
+00200;+01132;-16236;+02432;-00191;-00521;-00134;
+00324;+01060;-16504;+02433;-00171;-00445;-00130;
+00432;+01132;-16784;+02433;-00150;-00482;-00129;
+00596;+01220;-17036;+02434;-00142;-00628;-00140;
+00692;+01476;-17568;+02432;-00138;-00906;-00156;
+00972;+01632;-17728;+02433;-00153;-01364;-00172;
-00420;+01452;-15984;+02432;-00154;-02081;-00177;
-00884;+01232;-16712;+02432;-00139;-02853;-00164;
-00280;+01220;-16228;+02432;-00109;-03501;-00129;
-00332;+01000;-14256;+02432;-00084;-03943;-00093;
-00324;+01032;-13788;+02433;-00079;-04005;-00075;
-01060;+01220;-14328;+02435;-00068;-03633;-00084;
-01464;+01392;-15172;+02435;-00072;-02946;-00088;
-01136;+01612;-15560;+02435;-00070;-02194;-00065;
-00728;+01540;-16696;+02435;-00055;-01546;-00031;
-00128;+01196;-17128;+02437;-00026;-01078;+00002;
+00812;+00676;-17824;+02439;+00007;-00747;+00023;
+00540;+00416;-17640;+02439;+00003;-00543;+00006;
+00112;+00464;-16608;+02436;-00059;-00494;-00035;
-00360;+00964;-15284;+02435;-00156;-00499;-00070;
-01256;+01328;-14404;+02435;-00256;-00475;-00102;
-01604;+01588;-14392;+02435;-00310;-00390;-00123;
-01148;+01420;-15020;+02435;-00302;-00266;-00130;
-00580;+01212;-16092;+02436;-00254;-00131;-00139;
-00264;+00752;-16352;+02436;-00217;-00029;-00150;
+00004;+00608;-17464;+02434;-00198;+00144;-00164;
-00240;+00752;-17024;+02433;-00216;+00338;-00176;
-01276;+01184;-15604;+02433;-00283;+00498;-00191;
-01460;+01860;-14184;+02434;-00350;+00695;-00191;
-00860;+01936;-15056;+02436;-00352;+00974;-00180;
-00148;+01364;-16624;+02436;-00259;+01210;-00169;
+00256;+00700;-17336;+02434;-00133;+01276;-00152;
+00500;+00948;-17544;+02433;-00035;+01232;-00125;
+00268;+01168;-16708;+02433;+00006;+01105;-00091;
-00424;+01276;-16156;+02435;+00036;+00881;-00063;
-01100;+01368;-15304;+02435;+00071;+00669;-00034;
-00432;+01528;-15160;+02435;+00114;+00644;+00010;
-00472;+01268;-15372;+02437;+00161;+00806;+00045;
-00116;+01112;-16132;+02437;+00213;+01065;+00046;
+00236;+00904;-16616;+02438;+00251;+01334;+00025;
-00268;+01044;-16152;+02438;+00230;+01508;-00012;
-01360;+00984;-15732;+02439;+00137;+01460;-00025;
-00496;+00976;-16692;+02440;+00049;+01292;+00028;
+00480;+00812;-16908;+02440;-00042;+01147;+00125;
+00772;+00668;-16456;+02440;-00108;+00975;+00213;
+00880;+01000;-15864;+02438;-00141;+00820;+00286;
+00092;+02256;-15296;+02436;-00137;+00733;+00329;
-00304;+02324;-14880;+02436;-00054;+00749;+00334;
-00388;+01476;-15300;+02437;+00090;+00829;+00281;
-00128;+01100;-16452;+02437;+00267;+00827;+00189;
+00420;+00568;-17576;+02437;+00424;+00690;+00088;
+00636;-00064;-17820;+02437;+00502;+00426;+00021;
+00404;+00044;-17180;+02438;+00495;+00161;+00027;
+00260;+00412;-15916;+02437;+00417;+00041;+00131;
+00372;+00556;-15132;+02438;+00358;+00147;+00347;
+00440;+00404;-14988;+02439;+00417;+00422;+00649;
+00604;+00696;-15380;+02439;+00636;+00766;+00998;
+00308;+02620;-14876;+02440;+01042;+00983;+01289;
-00216;+04052;-14988;+02439;+01671;+00975;+01364;
-00424;+02192;-16112;+02439;+02465;+00733;+01126;
-00512;-00304;-18012;+02439;+03243;+00299;+00755;
+00148;-01384;-18788;+02439;+03777;-00179;+00539;
+00944;-01104;-16964;+02440;+03977;-00536;+00562;
+02828;-00436;-15448;+02440;+03998;-00604;+00706;
+01304;+00564;-13912;+02441;+04079;-00346;+00773;
+00748;+01060;-14516;+02441;+04332;+00219;+00634;
-00896;-00936;-14968;+02440;+04802;+00862;+00332;
-01756;-02292;-16480;+02439;+05406;+01256;+00080;
-01856;-02460;-17168;+02440;+06028;+01295;+00096;
-00572;-01960;-16816;+02441;+06552;+01024;+00389;
+00304;-01268;-15924;+02441;+06983;+00628;+00777;
+00604;-00816;-15764;+02441;+07349;+00326;+01084;
+00992;-00876;-15792;+02440;+07664;+00305;+01250;
+00588;-01532;-14988;+02441;+07930;+00551;+01270;
+00748;-02144;-16600;+02440;+08200;+00957;+01205;
+00976;-01560;-15912;+02439;+08470;+01319;+01105;
+00120;-01412;-14964;+02440;+08751;+01490;+00943;
-00144;-02152;-15824;+02440;+09076;+01500;+00718;
-00564;-02856;-16456;+02443;+09386;+01416;+00510;
-00620;-03364;-16116;+02443;+09591;+01273;+00375;
-00396;-03968;-16272;+02442;+09693;+01074;+00334;
+00320;-04276;-16244;+02444;+09712;+00827;+00370;
+00120;-04420;-15292;+02445;+09688;+00587;+00433;
+00028;-03688;-14504;+02444;+09649;+00464;+00491;
+00144;-03268;-14288;+02445;+09652;+00554;+00535;
+00092;-03004;-14900;+02443;+09706;+00745;+00539;
-00292;-03044;-15160;+02445;+09770;+00910;+00496;
-00632;-03960;-15940;+02443;+09774;+00943;+00400;
-00512;-05028;-16768;+02443;+09644;+00864;+00335;
-00304;-05776;-16368;+02445;+09320;+00689;+00381;
+00588;-05876;-15692;+02444;+08846;+00520;+00535;
+02088;-04960;-15600;+02444;+08352;+00407;+00732;
+01204;-04348;-13836;+02443;+07946;+00276;+00808;
+00452;-03700;-13656;+02443;+07688;+00217;+00719;
-00836;-03760;-14944;+02442;+07557;+00265;+00582;
-01252;-04512;-15680;+02443;+07431;+00316;+00504;
-00824;-05960;-16152;+02443;+07206;+00273;+00536;
-00224;-06748;-16140;+02444;+06854;+00114;+00683;
+01348;-07032;-16016;+02445;+06388;-00061;+00878;
+01820;-06804;-14760;+02445;+05887;-00214;+00998;
+01752;-06304;-13828;+02444;+05469;-00294;+00971;
+01192;-05656;-13820;+02444;+05228;-00262;+00818;
+00288;-05604;-13584;+02443;+05165;-00188;+00588;
-00400;-05900;-14196;+02442;+05239;-00120;+00385;
-00688;-06244;-15116;+02444;+05355;-00048;+00325;
-00136;-06604;-15524;+02445;+05426;+00045;+00450;
+00844;-07132;-14696;+02446;+05422;+00117;+00666;
+01688;-07308;-14816;+02445;+05376;+00152;+00811;
+01536;-07052;-14352;+02445;+05361;+00143;+00786;
+01232;-07604;-12768;+02444;+05405;+00056;+00579;
+00528;-07828;-13336;+02443;+05603;-00060;+00273;
-00740;-07216;-13496;+02445;+05973;-00217;+00065;
-01560;-07360;-12152;+02444;+06421;-00426;+00066;
-00688;-06960;-12864;+02445;+06940;-00596;+00312;
+00344;-07072;-13272;+02446;+07449;-00739;+00701;
+01640;-07452;-13892;+02446;+07864;-00877;+01032;
+02944;-08220;-13828;+02447;+08116;-01021;+01101;
+03872;-08712;-13420;+02447;+08187;-01164;+00756;
+01940;-08776;-13776;+02447;+08107;-01236;+00082;
-00108;-07668;-13640;+02447;+07878;-01053;-00553;
-01744;-06804;-13360;+02447;+07557;-00610;-00834;
-02416;-06468;-12316;+02445;+07240;-00169;-00767;
-01772;-07636;-13140;+02446;+07017;+00051;-00509;
-01244;-09692;-13256;+02445;+06868;-00075;-00211;
+00508;-10776;-13312;+02446;+06715;-00430;+00075;
+01364;-10964;-12636;+02448;+06571;-00852;+00270;
+01188;-10492;-12252;+02449;+06447;-01171;+00345;
+00184;-09512;-12248;+02449;+06382;-01204;+00430;
-00184;-09072;-11384;+02449;+06362;-00955;+00613;
-00600;-08568;-11504;+02448;+06437;-00561;+00818;
-00168;-08464;-12740;+02447;+06630;-00227;+00972;
-00460;-09360;-12416;+02447;+06868;-00149;+01040;
+00028;-10196;-13152;+02447;+07067;-00238;+01074;
+00904;-11180;-13296;+02447;+07138;-00359;+01097;
+01256;-11736;-13372;+02447;+07024;-00410;+01110;
+01416;-11244;-12980;+02447;+06741;-00292;+01151;
+00808;-10500;-12024;+02448;+06365;+00002;+01197;
+00580;-10040;-11388;+02448;+06025;+00405;+01221;
+00496;-10056;-11116;+02449;+05790;+00875;+01225;
-00084;-10244;-12252;+02449;+05669;+01365;+01215;
-00168;-11004;-12200;+02449;+05589;+01701;+01185;
+00120;-11580;-12124;+02449;+05507;+01822;+01102;
-00232;-11616;-12444;+02450;+05402;+01764;+00978;
-00372;-12132;-12160;+02449;+05262;+01627;+00879;
+00356;-12196;-11076;+02449;+05081;+01525;+00848;
+00688;-11544;-10840;+02450;+04964;+01503;+00848;
+00312;-10560;-09736;+02451;+04974;+01538;+00827;
-00128;-10672;-10608;+02451;+05155;+01633;+00787;
-00452;-11436;-10740;+02451;+05434;+01699;+00738;
-00696;-12096;-11536;+02449;+05693;+01710;+00687;
-00256;-12712;-11380;+02449;+05845;+01633;+00646;
+00380;-13028;-10784;+02448;+05870;+01499;+00600;
+00808;-12616;-10152;+02448;+05812;+01372;+00503;
+00224;-12156;-10160;+02449;+05752;+01341;+00362;
+00100;-12224;-10220;+02450;+05724;+01406;+00226;
-00792;-12420;-10184;+02450;+05756;+01475;+00140;
-01264;-12744;-09796;+02448;+05828;+01438;+00103;
-00972;-12760;-08644;+02450;+05941;+01279;+00099;
-00332;-12220;-08996;+02452;+06128;+01104;+00150;
-00188;-12108;-09120;+02452;+06357;+01033;+00259;
+00400;-12440;-09004;+02452;+06588;+01039;+00371;
+00572;-12776;-09464;+02453;+06808;+01069;+00417;
+00608;-13112;-09388;+02455;+06967;+01058;+00352;
+00192;-12996;-09472;+02455;+07059;+01016;+00209;
-00200;-12424;-08136;+02454;+07092;+00960;+00048;
-00344;-12388;-07804;+02453;+07121;+00953;-00073;
+00184;-12668;-09412;+02454;+07210;+01049;-00065;
-00476;-13184;-08488;+02454;+07317;+01127;+00101;
-00468;-13536;-08080;+02452;+07438;+01130;+00391;
-00156;-13256;-07888;+02452;+07619;+01055;+00768;
+00152;-12636;-07640;+02453;+07841;+00935;+01139;
-00340;-12488;-07340;+02453;+08121;+00772;+01431;
+00968;-12980;-06900;+02451;+08435;+00600;+01607;
+01668;-13124;-08364;+02452;+08749;+00615;+01675;
+00984;-13808;-08604;+02451;+08948;+00840;+01639;
+00688;-14252;-07560;+02452;+08988;+01123;+01502;
-00016;-14376;-07364;+02453;+08944;+01301;+01285;
+00012;-14096;-07120;+02454;+08873;+01290;+01002;
-00448;-13596;-06988;+02454;+08776;+01165;+00684;
-00972;-13696;-07088;+02454;+08660;+01001;+00366;
-00092;-13920;-05644;+02452;+08509;+00788;+00068;
+00964;-14532;-06776;+02452;+08343;+00648;-00197;
+00304;-15444;-08356;+02453;+08126;+00738;-00385;
-00384;-16200;-06512;+02453;+07743;+00924;-00499;
-00912;-15984;-05376;+02454;+07351;+01063;-00542;
-00976;-15312;-04620;+02455;+07099;+01034;-00516;
-01020;-15080;-04552;+02453;+07048;+00855;-00409;
-00932;-15260;-05204;+02453;+07163;+00581;-00221;
-00748;-15640;-05668;+02454;+07314;+00286;+00026;
+00484;-15544;-05408;+02455;+07373;-00018;+00275;
+01072;-15392;-07312;+02454;+07283;-00173;+00508;
+00092;-15748;-06548;+02455;+06972;-00171;+00676;
+00132;-15488;-05240;+02454;+06486;-00104;+00767;
-00200;-15108;-04924;+02453;+05999;-00085;+00787;
-00248;-14752;-04324;+02453;+05587;-00162;+00757;
-00112;-15148;-04632;+02454;+05272;-00280;+00713;
-00600;-15596;-04632;+02454;+05024;-00448;+00668;
-00808;-15444;-04024;+02455;+04792;-00707;+00633;
-00108;-15272;-04160;+02455;+04581;-00958;+00618;
+00752;-15676;-04408;+02455;+04360;-01086;+00614;
+01108;-15756;-04220;+02454;+04102;-00969;+00580;
-00304;-16072;-04140;+02454;+03821;-00660;+00504;
-01888;-16560;-03788;+02452;+03585;-00415;+00432;
-01764;-16776;-02508;+02452;+03458;-00395;+00480;
-00388;-16196;-01988;+02453;+03495;-00531;+00671;
-00020;-15576;-02312;+02452;+03725;-00648;+00914;
-00292;-15832;-02464;+02452;+04067;-00676;+01127;
-00236;-15704;-03012;+02452;+04429;-00664;+01290;
+00172;-15748;-03712;+02455;+04722;-00707;+01400;
+00532;-16196;-04084;+02455;+04858;-00737;+01448;
+00044;-16472;-04940;+02455;+04799;-00608;+01399;
-00716;-16948;-03288;+02457;+04625;-00438;+01227;
-01600;-17308;-00708;+02456;+04547;-00436;+00977;
-00768;-16052;+01340;+02457;+04730;-00612;+00759;
-00352;-15036;-00128;+02457;+05290;-00750;+00631;
-00684;-14992;-00232;+02457;+06089;-00830;+00583;
-00508;-15636;-02044;+02456;+06906;-00805;+00624;
-00112;-16188;-03756;+02456;+07528;-00778;+00737;
+01008;-15740;-04424;+02457;+07748;-00757;+00865;
-00060;-15872;-05440;+02458;+07531;-00672;+00915;
-00464;-16092;-03476;+02457;+06957;-00649;+00876;
+00144;-15268;-02484;+02457;+06221;-00690;+00807;
-00936;-15556;-01892;+02458;+05532;-00776;+00681;
-00116;-15312;+00008;+02459;+04990;-00943;+00525;
+00340;-14524;+00156;+02459;+04694;-01096;+00372;
+00012;-14276;-01068;+02458;+04599;-01159;+00182;
-01272;-15676;-02460;+02457;+04562;-01135;-00019;
-01412;-16424;-02884;+02457;+04419;-01150;-00165;
-01080;-16620;-02448;+02457;+04121;-01253;-00233;
-00972;-16684;-02408;+02458;+03706;-01401;-00258;
-01132;-16708;-00820;+02457;+03265;-01532;-00261;
-00700;-16468;+00096;+02456;+02905;-01579;-00230;
-01140;-16424;+00612;+02455;+02749;-01554;-00179;
-00828;-15708;+01952;+02458;+02835;-01474;-00100;
-00520;-15068;+02072;+02459;+03172;-01319;+00020;
-00580;-14940;+01032;+02458;+03682;-01094;+00165;
+00424;-14600;+00396;+02458;+04176;-00747;+00323;
-00068;-15004;-02860;+02457;+04520;-00246;+00429;
-02012;-17024;-02136;+02458;+04643;+00081;+00440;
+00664;-16004;-00952;+02459;+04499;+00081;+00448;
+01036;-15200;-01672;+02460;+04218;-00065;+00417;
+00332;-15684;-00900;+02460;+03810;-00205;+00249;
+00640;-15464;-00384;+02460;+03288;-00294;+00029;
+00472;-15020;+00024;+02460;+02755;-00340;-00207;
+00000;-14464;+00356;+02460;+02205;-00320;-00437;
+00680;-14396;+00104;+02458;+01663;-00164;-00640;
-00252;-15960;-01920;+02457;+01122;+00096;-00830;
-01276;-17308;-00716;+02458;+00572;+00250;-01028;
-00560;-16876;-00320;+02459;+00031;+00251;-01165;
-01636;-16476;+00212;+02460;-00391;+00139;-01254;
-01896;-16128;+01332;+02459;-00651;-00059;-01270;
-01060;-15860;+01504;+02458;-00715;-00235;-01141;
+00032;-15608;+01636;+02458;-00611;-00251;-00925;
+00700;-15404;+01108;+02458;-00389;-00050;-00724;
+00260;-15500;+00760;+02457;-00088;+00282;-00606;
-00144;-15672;-00560;+02459;+00185;+00635;-00582;
-00508;-15960;-00756;+02459;+00376;+00887;-00610;
-00416;-16160;-01140;+02458;+00441;+00999;-00641;
-00888;-16644;-00912;+02458;+00383;+00992;-00699;
-00964;-16724;+00144;+02458;+00264;+00882;-00769;
-00352;-16472;+01176;+02459;+00152;+00721;-00808;
-00340;-16368;+01388;+02459;+00136;+00603;-00816;
-00516;-16076;+01624;+02461;+00219;+00542;-00803;
-00196;-15484;+00936;+02461;+00365;+00535;-00759;
+00012;-15172;+00420;+02461;+00505;+00560;-00694;
+00272;-14948;-00880;+02461;+00543;+00637;-00640;
-00668;-16024;-01448;+02460;+00439;+00703;-00640;
-00472;-16584;-01260;+02460;+00170;+00664;-00686;
-00420;-16468;-00404;+02459;-00181;+00551;-00756;
-00280;-16076;+00804;+02460;-00523;+00391;-00851;
-00512;-15952;+01500;+02460;-00719;+00251;-00934;
-00516;-15924;+01520;+02460;-00737;+00161;-00975;
-00124;-15752;+01448;+02460;-00602;+00136;-00945;
+00540;-15532;+01092;+02460;-00395;+00192;-00871;
+00700;-15556;+00156;+02460;-00204;+00348;-00815;
-00280;-16180;-01276;+02460;-00098;+00559;-00795;
-01464;-17292;-01388;+02460;-00126;+00670;-00785;
-00380;-17052;-00308;+02460;-00268;+00630;-00703;
+00296;-16268;+00852;+02461;-00419;+00532;-00576;
-00088;-15808;+00876;+02462;-00479;+00459;-00491;
-00300;-15956;+01348;+02461;-00419;+00429;-00443;
-00248;-15956;+01148;+02461;-00253;+00395;-00391;
-00048;-15744;+00408;+02460;-00026;+00355;-00314;
+00456;-15416;+00112;+02460;+00159;+00351;-00223;
+00136;-15592;-01052;+02461;+00234;+00391;-00140;
-00940;-16628;-01732;+02461;+00165;+00412;-00062;
-00060;-16604;-01100;+02461;-00067;+00387;+00043;
+00220;-16264;+00628;+02462;-00380;+00342;+00134;
-00244;-16144;+00996;+02463;-00591;+00277;+00165;
-00012;-15900;+01636;+02462;-00610;+00204;+00163;
+00140;-15636;+01636;+02462;-00442;+00146;+00153;
-00696;-15540;+00512;+02463;-00140;+00117;+00131;
-00364;-16252;-00016;+02464;+00157;+00095;+00153;
-00112;-16708;-01064;+02462;+00330;+00058;+00204;
-00348;-17352;-01508;+02462;+00306;+00000;+00258;
+00204;-17328;-00324;+02463;+00116;-00037;+00330;
+00844;-16644;+01068;+02462;-00146;-00061;+00357;
+00260;-16560;+01316;+02461;-00299;-00064;+00269;
+00224;-16348;+01380;+02462;-00290;-00049;+00068;
-00124;-16412;+01392;+02464;-00117;+00005;-00168;
-00300;-15860;+00896;+02465;+00159;+00071;-00374;
-01004;-15428;+00088;+02465;+00463;+00126;-00501;
-01652;-15520;-00436;+02464;+00684;+00137;-00510;
-00920;-15480;-00700;+02463;+00751;+00063;-00355;
+00248;-15444;-01140;+02464;+00667;-00047;-00078;
+00952;-15648;-00680;+02463;+00447;-00111;+00198;
+01172;-15928;-00088;+02463;+00175;-00086;+00402;
+00804;-15692;+00820;+02463;-00059;-00006;+00494;
+00236;-15484;+00984;+02465;-00165;+00074;+00503;
+00228;-15152;+00864;+02466;-00125;+00143;+00475;
-00328;-15376;+00548;+02465;+00016;+00199;+00435;
-01108;-16088;+00060;+02465;+00182;+00224;+00394;
-00768;-16444;-00180;+02464;+00294;+00210;+00395;
-00200;-16060;+00388;+02464;+00323;+00183;+00447;
+00028;-15868;+00508;+02465;+00306;+00175;+00495;
-00300;-15924;+00644;+02465;+00297;+00202;+00511;
-00068;-15808;+00780;+02464;+00301;+00227;+00516;
+00204;-15596;+00672;+02464;+00339;+00233;+00496;
+00180;-15568;+00648;+02464;+00376;+00238;+00435;
-00808;-16116;-00104;+02464;+00384;+00249;+00328;
-01264;-16676;-00364;+02465;+00322;+00219;+00213;
-01052;-17136;+00096;+02463;+00190;+00117;+00149;
-00344;-16864;+00804;+02463;+00033;-00009;+00150;
-00008;-16632;+01084;+02463;-00069;-00103;+00163;
-00040;-16320;+01156;+02463;-00065;-00137;+00169;
-00040;-16000;+01080;+02462;+00037;-00111;+00183;
+00004;-15604;+00820;+02464;+00204;-00054;+00214;
-00092;-15584;+00104;+02464;+00385;+00023;+00259;
-00128;-15760;-00296;+02464;+00521;+00111;+00307;
-00196;-16128;+00052;+02465;+00580;+00176;+00331;
+00164;-15900;+00696;+02465;+00589;+00193;+00326;
-00048;-15736;+01020;+02465;+00609;+00184;+00282;
-00272;-16328;+01056;+02466;+00696;+00196;+00215;
+00036;-16244;+01300;+02466;+00853;+00249;+00167;
-00496;-15996;+01664;+02466;+01059;+00358;+00116;
-01252;-15708;+01300;+02464;+01294;+00483;+00061;
-01420;-15552;+00868;+02463;+01519;+00553;+00057;
-01440;-15440;+00336;+02463;+01659;+00519;+00099;
-01040;-15716;+00024;+02463;+01690;+00366;+00145;
-00192;-15844;+00012;+02463;+01592;+00124;+00167;
+01440;-15108;+00016;+02464;+01378;-00121;+00140;
+01640;-15288;-00080;+02466;+01083;-00280;+00007;
+01068;-15612;+00164;+02466;+00719;-00324;-00232;
+00116;-16164;+00148;+02466;+00318;-00281;-00517;
-00868;-16136;+00300;+02466;-00085;-00208;-00776;
-00756;-16844;+01576;+02467;-00412;-00197;-00963;
-00108;-16416;+01952;+02466;-00597;-00241;-01081;
-00592;-15884;+01748;+02466;-00610;-00293;-01198;
-00844;-16004;-00336;+02466;-00517;-00360;-01295;
-00396;-16008;-00288;+02465;-00512;-00436;-01301;
-01076;-15952;-00760;+02465;-00693;-00457;-01216;
-00120;-15732;+00292;+02464;-01037;-00449;-01041;
+01028;-15812;+00932;+02466;-01430;-00417;-00841;
+00212;-16352;+00556;+02467;-01719;-00349;-00716;
-00772;-16736;+01400;+02466;-01846;-00278;-00672;
-00420;-16764;+02984;+02465;-01757;-00260;-00608;
+00316;-16824;+02412;+02465;-01361;-00289;-00483;
+00260;-17220;+02760;+02466;-00716;-00360;-00362;
+00864;-16952;+03040;+02468;+00088;-00463;-00284;
+00436;-16444;+02896;+02468;+01008;-00628;-00264;
-00060;-15980;+01980;+02467;+01995;-00794;-00307;
-00236;-15584;+02932;+02468;+02945;-00926;-00400;
+00616;-15032;+02320;+02469;+03846;-00986;-00521;
+00472;-15196;+01456;+02470;+04673;-01026;-00682;
+00996;-14984;+00564;+02469;+05343;-01069;-00883;
+00560;-15276;+00536;+02469;+05780;-01068;-01094;
-00480;-15848;+00808;+02469;+05976;-01057;-01261;
-00760;-15928;+01588;+02470;+05985;-01054;-01306;
-01120;-15648;+01272;+02469;+05910;-01059;-01200;
-00892;-15532;+01688;+02468;+05790;-01059;-00979;
-00560;-15548;+02068;+02467;+05614;-01032;-00681;
-00284;-15808;+01484;+02469;+05409;-00934;-00364;
+01028;-14440;+02912;+02469;+05161;-00746;-00075;
+02228;-14928;+01212;+02469;+04850;-00470;+00069;
+00896;-15396;+03068;+02468;+04551;-00289;-00040;
-00516;-15588;+02732;+02469;+04305;-00282;-00291;
-00980;-15712;+02932;+02469;+04140;-00347;-00517;
-00940;-15740;+03332;+02468;+04007;-00445;-00609;
-01052;-15656;+02984;+02468;+03943;-00524;-00558;
-00604;-16128;+03096;+02468;+03892;-00601;-00333;
-00248;-16456;+03136;+02467;+03840;-00624;+00017;
+00128;-16420;+03020;+02467;+03778;-00594;+00368;
+00712;-15552;+03740;+02468;+03700;-00576;+00697;
+00188;-14984;+04572;+02468;+03624;-00593;+00990;
-00396;-15128;+04052;+02467;+03592;-00604;+01254;
+00552;-14828;+03792;+02469;+03604;-00609;+01512;
+01220;-14520;+04164;+02470;+03631;-00655;+01677;
+00656;-14896;+04424;+02471;+03674;-00713;+01616;
-00036;-15472;+04736;+02471;+03742;-00764;+01335;
-00180;-16332;+04640;+02470;+03854;-00805;+00932;
+00116;-16636;+04288;+02470;+03992;-00795;+00497;
+00452;-16376;+04448;+02470;+04138;-00747;+00108;
+00132;-15880;+04856;+02472;+04299;-00737;-00185;
-00116;-15644;+05304;+02473;+04502;-00797;-00343;
-00596;-15980;+05096;+02474;+04749;-00842;-00362;
-01196;-16064;+03908;+02473;+05012;-00802;-00254;
-01084;-15924;+04648;+02473;+05228;-00763;-00040;
-00492;-15896;+04332;+02471;+05404;-00707;+00200;
+00444;-15564;+03536;+02471;+05539;-00563;+00375;
+00724;-15252;+04480;+02473;+05586;-00362;+00423;
+00516;-15460;+05472;+02473;+05597;-00180;+00337;
+00264;-15956;+05484;+02471;+05663;-00064;+00135;
-00216;-15992;+05148;+02471;+05774;-00009;-00129;
-01204;-15564;+04660;+02471;+05877;+00035;-00381;
-01220;-14868;+05324;+02472;+05934;+00061;-00528;
-01492;-15108;+05432;+02473;+05970;+00108;-00533;
-01284;-15716;+04984;+02472;+05974;+00246;-00410;
-00124;-15684;+04996;+02472;+05915;+00457;-00191;
+00452;-15148;+05724;+02471;+05780;+00642;+00047;
+01208;-14300;+06128;+02472;+05613;+00737;+00246;
+00940;-14040;+06352;+02472;+05463;+00713;+00357;
+00684;-15288;+05944;+02471;+05325;+00669;+00353;
+00760;-15692;+06408;+02472;+05183;+00644;+00260;
+00540;-15592;+06416;+02472;+05023;+00631;+00074;
-00124;-15220;+06508;+02473;+04861;+00634;-00174;
-00184;-14716;+06304;+02474;+04696;+00636;-00387;
-00256;-14508;+06128;+02475;+04517;+00660;-00487;
-00500;-14860;+06752;+02473;+04317;+00701;-00457;
-00128;-14936;+07044;+02474;+04144;+00692;-00321;
+00308;-15276;+07452;+02475;+04031;+00631;-00159;
+00704;-15336;+07628;+02476;+03947;+00551;-00059;
+01320;-14552;+07448;+02476;+03905;+00491;-00075;
+00724;-13672;+07524;+02474;+03879;+00442;-00229;
+00204;-13220;+07116;+02473;+03889;+00386;-00461;
-00300;-13140;+07464;+02475;+03937;+00307;-00694;
-00172;-13088;+07908;+02475;+04028;+00229;-00884;
-00736;-14056;+09088;+02475;+04169;+00208;-01037;
-00500;-15076;+08776;+02473;+04392;+00289;-01160;
+00356;-15132;+08764;+02473;+04672;+00434;-01240;
+00128;-14772;+09516;+02475;+04980;+00520;-01304;
-00368;-14760;+09144;+02476;+05337;+00488;-01351;
-00588;-14380;+08412;+02476;+05723;+00407;-01350;
-00800;-13392;+08480;+02474;+06068;+00337;-01265;
-00908;-13164;+09200;+02474;+06355;+00328;-01090;
-01332;-13880;+08812;+02473;+06617;+00457;-00840;
-00596;-14432;+07292;+02474;+06748;+00819;-00500;
-00008;-15660;+08304;+02474;+06537;+01223;-00117;
-00240;-16008;+10500;+02475;+06085;+01408;+00275;
+00148;-15244;+11568;+02475;+05677;+01351;+00678;
+00428;-14732;+09400;+02476;+05488;+01242;+00993;
+00852;-14036;+09188;+02477;+05396;+01150;+01124;
+01668;-12820;+08116;+02478;+05319;+01009;+01094;
+01404;-11856;+08744;+02479;+05202;+00797;+00908;
-00372;-12632;+08824;+02478;+05049;+00511;+00589;
-00972;-13284;+08732;+02476;+04853;+00243;+00302;
-00220;-13380;+09740;+02476;+04550;+00034;+00201;
+00672;-12924;+10516;+02476;+04236;-00104;+00270;
+01100;-12348;+10028;+02477;+04042;-00173;+00322;
+00080;-12284;+10292;+02476;+03980;-00200;+00195;
-00208;-12196;+11028;+02475;+04025;-00274;-00048;
-00156;-12472;+09664;+02475;+04202;-00318;-00303;
-00612;-12416;+09600;+02472;+04395;-00320;-00501;
-00656;-12176;+08976;+02473;+04506;-00264;-00564;
-00604;-11924;+10008;+02473;+04503;-00165;-00473;
+00044;-11684;+11560;+02474;+04461;-00149;-00262;
+00332;-12468;+12148;+02474;+04530;-00270;-00038;
+00304;-12772;+11416;+02476;+04678;-00440;+00092;
-00128;-12604;+10696;+02476;+04842;-00478;+00126;
-00692;-12044;+09668;+02476;+04943;-00327;+00131;
-01084;-11600;+10280;+02477;+04907;-00059;+00174;
-00456;-11356;+10552;+02476;+04810;+00217;+00289;
+00280;-11136;+10044;+02475;+04736;+00446;+00410;
+00232;-11068;+10344;+02475;+04678;+00504;+00443;
-01016;-11440;+10808;+02477;+04611;+00363;+00355;
-01464;-12224;+11344;+02477;+04560;+00128;+00202;
-01144;-12712;+11816;+02477;+04531;-00093;+00082;
-01360;-12500;+11916;+02478;+04527;-00224;+00038;
-01396;-11992;+11544;+02479;+04547;-00168;+00042;
-00784;-11368;+12520;+02480;+04606;+00098;+00134;
-00016;-10832;+12356;+02479;+04761;+00539;+00414;
+01108;-10676;+12176;+02479;+05017;+00958;+00837;
+01176;-10976;+11708;+02479;+05297;+01126;+01143;
+00628;-10912;+12424;+02479;+05482;+01016;+01209;
+00132;-11108;+12924;+02479;+05616;+00819;+01062;
-00196;-10672;+13184;+02478;+05864;+00679;+00809;
-01180;-10892;+12932;+02479;+06269;+00669;+00522;
-01024;-10128;+12568;+02479;+06739;+00836;+00397;
-01104;-09884;+13028;+02478;+07184;+01073;+00543;
-01200;-10660;+12404;+02477;+07574;+01292;+00865;
-00372;-11048;+12036;+02476;+07875;+01519;+01175;
+00932;-10792;+12436;+02475;+08085;+01681;+01330;
+00476;-10756;+12956;+02475;+08231;+01668;+01310;
-01460;-11296;+14544;+02477;+08346;+01433;+01256;
-02236;-11568;+15080;+02478;+08482;+01126;+01357;
-01128;-10664;+14132;+02478;+08746;+00946;+01645;
+00064;-09884;+13940;+02478;+09105;+00951;+02042;
+00592;-08812;+14080;+02476;+09498;+01082;+02371;
-00012;-07880;+13732;+02475;+09953;+01220;+02495;
-00720;-07536;+13660;+02475;+10435;+01249;+02433;
-00452;-08128;+13616;+02476;+10885;+01128;+02285;
-00196;-09248;+13948;+02477;+11279;+00874;+02077;
-00532;-09848;+14536;+02477;+11530;+00528;+01887;
-00624;-09248;+15844;+02478;+11633;+00139;+01783;
-00876;-08608;+16184;+02479;+11708;-00184;+01718;
-01048;-08156;+14252;+02480;+11798;-00264;+01650;
-01688;-07620;+13516;+02480;+11817;-00115;+01597;
-02104;-06860;+14356;+02480;+11689;+00200;+01582;
-01032;-06272;+14760;+02479;+11541;+00607;+01611;
-00828;-06240;+15056;+02479;+11501;+00962;+01644;
-01036;-06368;+15076;+02479;+11573;+01162;+01613;
-01496;-06788;+15048;+02479;+11612;+01189;+01488;
-01540;-06988;+16164;+02479;+11468;+01102;+01275;
-00328;-06464;+14744;+02479;+11120;+00917;+01068;
-01148;-06464;+15620;+02479;+10593;+00556;+00881;
-03064;-05548;+15868;+02479;+10083;+00232;+00715;
-03208;-04092;+15580;+02480;+09748;-00033;+00679;
-01600;-03984;+14856;+02480;+09534;-00141;+00773;
-00676;-04696;+14744;+02480;+09344;-00159;+00859;
-00604;-04940;+16576;+02480;+09112;-00150;+00865;
-01008;-05472;+16904;+02480;+08948;-00172;+00778;
-01328;-05336;+16620;+02480;+08852;-00217;+00639;
-00968;-04780;+15552;+02479;+08701;-00249;+00508;
-00344;-03900;+11992;+02477;+08396;-00315;+00393;
-01576;-03668;+14088;+02477;+07721;-00415;+00245;
-00660;-03336;+15116;+02478;+06811;-00533;+00124;
+00172;-02684;+14444;+02480;+05955;-00643;+00048;
-01520;-02488;+15400;+02481;+05306;-00893;-00046;
-02296;-02608;+15348;+02480;+04847;-01199;-00124;
-02392;-03596;+16196;+02478;+04515;-01343;-00156;
-02172;-04096;+16852;+02479;+04255;-01203;-00126;
-00748;-03836;+16660;+02480;+04031;-00888;-00003;
-00284;-03472;+15876;+02482;+03813;-00656;+00154;
-00696;-03504;+15812;+02482;+03596;-00626;+00255;
-00864;-02808;+17004;+02483;+03411;-00782;+00347;
-01284;-02668;+17464;+02483;+03345;-01002;+00424;
-00540;-02468;+17380;+02482;+03404;-01098;+00450;
-00864;-02376;+17476;+02480;+03586;-01128;+00437;
-00972;-02604;+16760;+02481;+03867;-01122;+00385;
-00796;-03008;+16508;+02481;+04108;-01050;+00302;
-01008;-03004;+15628;+02481;+04238;-00901;+00189;
-01640;-02748;+15544;+02481;+04164;-00847;+00113;
-01500;-02700;+15888;+02480;+03860;-00906;+00110;
-01576;-02424;+16964;+02481;+03443;-00976;+00175;
-01232;-02124;+17272;+02482;+03047;-00910;+00264;
-01500;-01636;+16696;+02481;+02834;-00754;+00386;
-00732;-01748;+17300;+02480;+02853;-00518;+00528;
-00408;-02436;+17124;+02481;+03036;-00216;+00627;
-00284;-02372;+16004;+02482;+03252;+00006;+00661;
-00608;-02108;+15920;+02483;+03349;+00015;+00646;
-00236;-02036;+16456;+02483;+03292;-00183;+00611;
-00776;-02008;+17216;+02483;+03164;-00481;+00599;
-01312;-01756;+17748;+02483;+03058;-00717;+00635;
-01564;-01500;+17696;+02484;+03012;-00718;+00720;
-00300;-00844;+16780;+02484;+03029;-00422;+00818;
-00740;-01260;+17000;+02484;+03123;-00007;+00872;
-00404;-01068;+16348;+02484;+03305;+00327;+00871;
-01064;-01460;+16256;+02484;+03452;+00585;+00835;
-01468;-01768;+17344;+02484;+03461;+00834;+00789;
-00844;-01484;+16964;+02482;+03362;+01081;+00752;
-00652;-00816;+16580;+02482;+03234;+01230;+00708;
-01232;-00364;+16248;+02482;+03101;+01208;+00662;
-01540;-00788;+16828;+02481;+02967;+01067;+00634;
-01452;-01056;+16848;+02481;+02812;+00965;+00632;
-00820;-01064;+16892;+02482;+02652;+00939;+00646;
-00872;-00736;+17300;+02482;+02510;+00952;+00661;
-00688;-00764;+17564;+02482;+02358;+00992;+00625;
-00764;-01100;+17728;+02482;+02241;+01043;+00563;
-00984;-01156;+18024;+02482;+02200;+01094;+00495;
-00744;-00896;+17140;+02483;+02221;+01146;+00413;
-00860;-00632;+16508;+02485;+02254;+01111;+00334;
-01040;-00496;+16520;+02485;+02245;+00954;+00281;
-01528;-00604;+17256;+02485;+02152;+00717;+00250;
-01516;-00808;+17424;+02485;+01989;+00519;+00233;
-01328;-00364;+17140;+02485;+01811;+00436;+00196;
-01316;-00076;+16852;+02485;+01675;+00453;+00137;
-01320;-00108;+16596;+02486;+01578;+00511;+00072;
-01840;-01476;+18116;+02487;+01504;+00552;+00029;
-01344;-00128;+16792;+02486;+01483;+00558;+00020;
-01292;-00300;+17200;+02485;+01483;+00632;+00002;
-01436;-00316;+16824;+02485;+01540;+00765;+00000;
-01644;-00312;+16736;+02483;+01648;+00890;+00001;
-01624;-00276;+16472;+02484;+01757;+00987;+00013;
-01428;-00080;+16372;+02485;+01777;+01051;+00033;
-01328;+00304;+16432;+02485;+01671;+01052;+00060;
-00904;+00384;+16944;+02485;+01485;+00971;+00087;
-01108;+00216;+16944;+02484;+01306;+00816;+00092;
-01312;+00492;+16724;+02485;+01151;+00652;+00092;
-01244;+00412;+16364;+02485;+01019;+00509;+00088;
-01424;+00168;+16428;+02485;+00898;+00372;+00078;
-01520;+00092;+16568;+02485;+00782;+00258;+00078;
-01576;+00052;+16724;+02486;+00683;+00212;+00080;
-01772;+00312;+16644;+02487;+00614;+00244;+00079;
-02144;+00300;+16780;+02488;+00574;+00316;+00075;
-01732;+00108;+16736;+02487;+00529;+00412;+00068;
-01492;+00112;+16980;+02486;+00464;+00470;+00057;
-01460;+00100;+16880;+02486;+00389;+00454;+00047;
-01272;+00108;+16428;+02485;+00333;+00351;+00033;
-01432;+00124;+16520;+02486;+00311;+00184;+00019;
-01684;+00160;+16640;+02486;+00297;+00030;+00013;
-01748;+00204;+16888;+02485;+00280;-00034;+00022;
-01536;+00168;+17116;+02486;+00256;+00012;+00040;
-01348;+00140;+17096;+02486;+00238;+00166;+00055;
-00956;+00216;+17048;+02486;+00212;+00421;+00054;
-00676;+00316;+17016;+02484;+00176;+00766;+00022;
-00860;+00496;+17176;+02485;+00156;+01114;-00047;
-02060;+00248;+17608;+02485;+00155;+01341;-00140;
-02592;+00384;+16616;+02485;+00188;+01397;-00204;
-03348;-00596;+18448;+02486;+00230;+01304;-00206;
-01856;+00020;+16372;+02486;+00252;+01054;-00133;
-01536;+00124;+15976;+02486;+00290;+00738;-00061;
-01472;+00132;+16296;+02487;+00310;+00427;-00019;
-01448;+00164;+16432;+02487;+00290;+00208;-00017;
-01524;+00248;+16720;+02488;+00250;+00100;-00038;
-01544;+00296;+16808;+02488;+00210;+00065;-00066;
-01688;+00148;+16936;+02488;+00181;+00033;-00087;
-01744;+00136;+16776;+02488;+00170;-00009;-00089;
-01720;+00320;+16840;+02487;+00186;-00066;-00089;
-01728;+00424;+16856;+02487;+00204;-00125;-00088;
-01636;+00404;+16740;+02489;+00205;-00164;-00080;
-01608;+00480;+16772;+02489;+00187;-00179;-00063;
-01576;+00444;+16716;+02489;+00156;-00161;-00042;
-01644;+00404;+16700;+02487;+00130;-00152;-00021;
-01712;+00436;+16740;+02487;+00110;-00157;-00009;
-01824;+00452;+16844;+02486;+00101;-00167;-00008;
-01760;+00532;+16804;+02486;+00098;-00166;-00012;
-01712;+00588;+16804;+02487;+00106;-00173;-00014;
-01628;+00516;+16684;+02487;+00111;-00175;-00022;
-01584;+00476;+16652;+02488;+00109;-00163;-00036;
-01568;+00492;+16564;+02488;+00102;-00139;-00049;
-01656;+00500;+16560;+02490;+00083;-00111;-00054;
-01728;+00484;+16616;+02491;+00060;-00115;-00042;
-01788;+00484;+16868;+02492;+00035;-00159;-00019;
-01776;+00540;+16960;+02493;+00011;-00203;+00011;
-01752;+00592;+16804;+02492;-00008;-00228;+00049;
-01692;+00456;+16832;+02491;-00028;-00234;+00082;
-01692;+00388;+16692;+02491;-00055;-00202;+00100;
-01520;+00500;+16784;+02490;-00078;-00161;+00109;
-01504;+00392;+16860;+02491;-00104;-00117;+00115;
-01564;+00356;+16800;+02490;-00133;-00085;+00115;
-01552;+00328;+16864;+02490;-00165;-00054;+00111;
-01584;+00116;+16832;+02490;-00190;-00014;+00110;
-01684;-00044;+16756;+02490;-00207;+00036;+00093;
-01672;+00000;+16996;+02490;-00206;+00075;+00077;
-01568;+00048;+16808;+02490;-00189;+00089;+00068;
-01428;+00208;+16884;+02489;-00162;+00084;+00060;
-01340;+00252;+16688;+02490;-00141;+00067;+00051;
-01316;+00296;+16636;+02490;-00124;+00055;+00029;
-01348;+00348;+16680;+02489;-00113;+00041;+00002;
-01532;+00304;+16732;+02490;-00109;+00029;-00026;
-01672;+00368;+16808;+02490;-00115;+00021;-00055;
-01748;+00248;+16776;+02491;-00122;+00034;-00082;
-01604;+00332;+16704;+02492;-00122;+00052;-00103;
-01536;+00364;+16816;+02492;-00117;+00073;-00114;
-01528;+00536;+16740;+02493;-00109;+00077;-00125;
-01480;+00536;+16736;+02494;-00093;+00049;-00133;
-01612;+00460;+16688;+02494;-00081;+00013;-00144;
-01904;+00488;+16792;+02495;-00073;-00026;-00156;
-01756;+00556;+16876;+02493;-00063;-00053;-00162;
-01508;+00600;+16872;+02492;-00053;-00057;-00161;
-01480;+00480;+16712;+02492;-00041;-00040;-00159;
-01596;+00520;+16504;+02491;-00028;-00017;-00166;
-01648;+00548;+16416;+02489;-00023;-00002;-00174;
-01704;+00432;+16568;+02489;-00034;-00013;-00179;
-01812;+00336;+17120;+02489;-00063;-00025;-00177;
-01668;+00408;+17176;+02489;-00090;-00009;-00160;
-01404;+00464;+16852;+02489;-00085;-00005;-00137;
-01424;+00496;+16572;+02489;-00063;-00011;-00125;
-01516;+00472;+16348;+02488;-00045;-00033;-00123;
-01696;+00364;+15924;+02489;-00036;-00075;-00127;
-01636;+00424;+15860;+02489;-00050;-00144;-00127;
-01608;+00428;+15800;+02489;-00090;-00243;-00120;
-01928;+00352;+16376;+02489;-00132;-00403;-00105;
-01612;+00324;+16608;+02489;-00192;-00570;-00080;
-01304;+00460;+17172;+02490;-00245;-00721;-00055;
-01092;+00492;+17604;+02490;-00294;-00811;-00043;
-00932;+00456;+17276;+02490;-00319;-00817;-00052;
-01020;+00480;+16868;+02490;-00301;-00816;-00077;
-01372;+00440;+16576;+02491;-00278;-00818;-00116;
-01812;+00236;+16520;+02491;-00253;-00836;-00155;
-02084;+00192;+16752;+02492;-00232;-00880;-00178;
-04016;-00564;+20452;+02491;-00304;-00844;+00895;
-01444;+00392;+16644;+02491;-00268;-00861;+01712;
-01220;+00340;+17004;+02492;-00238;-00820;+01219;
-00676;+00604;+16776;+02491;-00200;-00751;+00859;
-00560;+00640;+16348;+02490;-00160;-00748;+00604;
-01020;+00460;+16588;+02491;-00140;-00811;+00409;
fim