-00456
+00564
+16872
-00132
+00041
-00008
-00484
+00552
+16880
-00132
+00038
-00019
-00516
+00544
+16816
-00132
+00037
-00029
-00476
+00524
+16756
-00133
+00032
-00033
-00536
+00580
+16816
-00134
+00029
-00038
-00520
+00608
+16900
-00134
+00029
-00040
-00392
+00584
+16856
-00135
+00030
-00041
-00440
+00504
+16876
-00135
+00036
-00044
-00548
+00604
+16868
-00132
+00037
-00045
-00508
+00584
+16884
-00133
+00039
-00045
-00520
+00592
+16824
-00134
+00039
-00048
-00472
+00604
+16820
-00137
+00037
-00049
-00512
+00512
+16860
-00136
+00037
-00051
-00516
+00552
+16856
-00135
+00036
-00049
-00472
+00520
+16856
-00138
+00037
-00047
-00452
+00556
+16812
-00135
+00036
-00047
-00552
+00552
+16708
-00133
+00034
-00048
-00496
+00544
+16868
-00129
+00034
-00047
-00516
+00516
+16948
-00132
+00036
-00048
-00476
+00532
+16876
-00134
+00041
-00048
-00488
+00608
+16892
-00133
+00045
-00050
-00512
+00576
+16800
-00130
+00046
-00050
-00472
+00560
+16824
-00130
+00047
-00048
-00568
+00508
+16784
-00130
+00046
-00045
-00520
+00572
+16908
-00128
+00042
-00044
-00496
+00516
+16924
-00127
+00038
-00044
-00444
+00568
+16824
-00128
+00034
-00045
-00516
+00536
+16828
-00132
+00033
-00043
-00472
+00552
+16936
-00135
+00031
-00047
-00572
+00492
+16688
-00131
+00036
-00051
-00556
+00540
+16884
-00134
+00038
-00050
-00424
+00572
+16832
-00132
+00036
-00048
-00540
+00568
+16812
-00128
+00037
-00047
-00488
+00556
+16812
-00129
+00037
-00048
-00460
+00592
+16996
-00131
+00035
-00048
-00436
+00580
+16776
-00134
+00031
-00049
-00464
+00608
+16888
-00134
+00030
-00046
-00500
+00524
+16908
-00136
+00031
-00048
-00508
+00592
+16780
-00135
+00034
-00047
-00516
+00548
+16796
-00134
+00037
-00048
-00512
+00544
+16860
-00134
+00037
-00047
-00512
+00568
+16952
-00134
+00035
-00046
-00484
+00552
+16948
-00131
+00039
-00047
-00512
+00588
+17004
-00130
+00044
-00046
-00576
+00568
+16780
-00128
+00044
-00047
-00488
+00476
+16928
-00127
+00041
-00045
-00508
+00604
+16864
-00124
+00042
-00044
-00512
+00556
+16992
-00108
+00042
-00043
-00584
+00492
+16964
-00090
+00042
-00043
-00512
+00544
+16928
-00061
+00039
-00043
-00552
+00604
+17048
-00036
+00040
-00040
-00516
+00636
+16880
-00005
+00039
-00038
-00536
+00532
+16984
+00028
+00037
-00036
-00480
+00612
+16912
+00065
+00037
-00036
-00488
+00584
+16916
+00100
+00038
-00034
-00496
+00640
+16912
+00136
+00038
-00034
-00504
+00612
+16932
+00170
+00040
-00032
-00516
+00824
+17132
+00207
+00037
-00033
-00764
+00664
+15248
+00173
+00037
-00034
-00512
+00548
+17832
-00004
+00033
-00042
-00332
+00644
+16656
-00085
+00030
-00050
-00652
+00504
+17528
-00168
+00030
-00054
-00636
+00628
+16184
-00188
+00028
-00055
-00404
+00612
+17768
-00213
+00031
-00054
-00452
+00648
+16260
-00207
+00032
-00052
-00572
+00464
+17584
-00203
+00031
-00054
-00404
+00612
+16240
-00182
+00029
-00053
-00544
+00536
+17640
-00159
+00028
-00051
-00512
+00636
+16436
-00129
+00029
-00052
-00568
+00476
+17340
-00092
+00028
-00055
-00496
+00688
+16460
-00066
+00028
-00052
-00516
+00636
+17224
-00026
+00028
-00046
-00436
+00548
+16376
+00000
+00030
-00044
-00492
+00696
+15976
+00031
+00029
-00043
-00608
+00624
+17596
-00067
+00031
-00048
-00464
+00668
+16444
-00129
+00031
-00051
-00420
+00528
+17436
-00164
+00032
-00051
-00628
+00620
+16308
-00176
+00032
-00055
-00608
+00556
+17376
-00166
+00030
-00054
-00384
+00708
+16528
-00160
+00029
-00054
-00580
+00536
+17340
-00133
+00029
-00054
-00484
+00560
+16600
-00116
+00031
-00051
-00580
+00612
+17212
-00080
+00032
-00048
-00556
+00704
+16664
-00059
+00033
-00046
-00524
+00616
+16032
-00036
+00030
-00045
-00484
+00648
+17432
-00110
+00032
-00047
-00552
+00712
+16488
-00142
+00033
-00046
-00516
+00508
+17328
-00167
+00033
-00049
-00404
+00720
+16584
-00165
+00030
-00051
-00560
+00576
+17376
-00157
+00029
-00051
-00596
+00664
+16464
-00136
+00031
-00047
-00516
+00548
+17248
-00110
+00033
-00045
-00460
+00704
+16256
-00086
+00037
-00045
-00452
+00708
+16468
-00063
+00036
-00046
-00596
+00524
+17352
-00119
+00040
-00049
-00452
+00584
+16632
-00140
+00038
-00049
-00508
+00656
+17344
-00143
+00040
-00052
-00456
+00736
+16648
-00126
+00037
-00053
-00400
+00692
+15816
-00108
+00035
-00053
-00504
+00544
+16732
-00121
+00034
-00051
-00516
+00652
+17164
-00142
+00032
-00048
-00516
+00680
+16788
-00152
+00036
-00046
-00516
+00596
+16780
-00172
+00036
-00046
-00432
+00572
+16752
-00184
+00036
-00048
-00460
+00620
+16956
-00206
+00034
-00052
-00584
+00684
+16804
-00222
+00032
-00057
-00528
+00628
+16820
-00243
+00032
-00056
-00480
+00604
+16896
-00254
+00029
-00057
-00496
+00572
+17048
-00264
+00033
-00057
-00592
+00588
+16824
-00260
+00032
-00057
-00504
+00600
+17008
-00253
+00033
-00056
-00424
+00580
+16752
-00231
+00031
-00056
-00488
+00588
+17060
-00206
+00033
-00053
-00416
+00612
+16284
-00176
+00035
-00051
-00172
+00712
+15696
-00203
+00041
-00055
+00072
+00932
+14960
-00346
+00044
-00090
+00852
+01696
+01224
-00505
+00009
-00165
+00676
+00936
+08412
-00404
+00001
-00232
+00576
+01200
+12252
-00339
+00053
-00339
-00624
+00900
+15636
-00276
+00012
-00500
-00096
+00628
+18016
-00224
-00008
-00674
+00008
+00308
+18948
-00198
+00044
-00873
-00904
+00584
+18456
-00159
+00019
-01093
-00828
+00504
+18100
-00130
-00003
-01262
-00772
+00524
+16340
-00122
+00033
-01367
-01004
+00276
+16428
-00109
+00017
-01411
-00724
+00544
+16084
-00099
-00006
-01380
-01032
+00492
+15920
-00099
+00022
-01320
-01548
+00216
+16688
-00095
+00016
-01220
-00972
+00292
+16940
-00099
+00001
-01029
-00864
+00540
+16796
-00115
+00020
-00778
-01336
+00408
+17112
-00117
+00025
-00556
-01452
+00208
+17060
-00117
+00022
-00299
-01468
+00172
+16864
-00128
+00035
+00021
-01028
-00040
+16940
-00144
+00043
+00399
-00464
-00040
+16964
-00160
+00038
+00781
-00316
+00504
+16664
-00176
+00044
+01112
-00596
+00688
+16760
-00186
+00051
+01374
-00788
+00752
+16924
-00191
+00051
+01586
-00592
+00552
+17244
-00184
+00053
+01767
-00032
+00184
+17300
-00147
+00057
+01907
-00024
+00068
+17720
-00050
+00058
+01982
-00376
+00156
+17524
+00101
+00057
+01984
-00872
+02236
+12652
+00329
+00061
+01960
-01712
+00132
+15924
+00510
+00050
+01903
-01884
+00120
+18244
+00356
+00026
+01852
-01728
+00868
+16032
+00288
-00112
+01912
-00812
+01224
+15380
+00134
-00329
+02027
-00336
+01480
+16540
+00006
-00715
+02106
-00228
+01688
+16920
-00158
-01116
+02060
-00136
+01460
+16660
-00267
-01637
+01911
+00420
+01680
+15928
-00363
-02212
+01705
+01120
+01484
+16020
-00478
-02817
+01435
+01480
+01496
+17228
-00606
-03429
+01057
+00256
+01752
+19528
-00689
-03905
+00575
+01508
+01988
+20960
-00835
-03875
+00069
+03096
+02052
+17476
-00704
-03898
-00468
+03576
+01648
+18820
-00500
-03972
-01140
+01484
+01412
+19172
-00281
-04049
-01874
+01548
+01636
+18704
-00019
-04141
-02496
+00840
+01660
+18380
+00265
-04290
-02939
+01324
+01772
+17512
+00539
-04535
-03231
+00536
+00660
+18004
+00774
-04851
-03427
+00016
-00584
+18828
+00984
-05130
-03530
-00120
-00928
+18656
+01170
-05176
-03475
+00052
+00364
+18860
+01312
-04906
-03230
+00908
+00784
+18340
+01358
-04377
-02808
+01360
+00276
+17924
+01257
-03663
-02282
+00648
-00272
+18120
+00982
-02823
-01731
-00044
-00660
+17692
+00604
-01948
-01148
+00056
-00500
+17076
+00186
-01109
-00508
+00288
-00012
+17152
-00273
-00335
+00171
+00700
+00196
+17448
-00763
+00350
+00836
+01316
+00104
+17440
-01234
+00940
+01452
+01276
+00132
+17632
-01650
+01443
+01987
+01176
+00608
+17544
-01979
+01828
+02443
+01360
+01432
+17228
-02227
+02050
+02822
+01328
+01644
+17696
-02450
+02103
+03085
+01528
+01468
+18404
-02631
+02010
+03204
+01500
+00896
+18444
-02718
+01842
+03165
+01212
+00648
+18400
-02700
+01673
+02992
+01116
+00712
+18176
-02609
+01554
+02747
+01160
+00648
+18648
-02476
+01485
+02467
+01128
+00452
+18388
-02317
+01453
+02174
+01120
+00480
+18084
-02155
+01442
+01897
+00680
+00644
+17700
-02016
+01421
+01657
+00604
+00900
+17076
-01908
+01335
+01441
+00180
+00716
+17288
-01843
+01198
+01227
-00108
+00268
+18072
-01800
+01073
+01010
+00580
-00016
+18184
-01696
+01037
+00822
+00740
-00072
+18180
-01514
+01136
+00670
+00316
-00440
+17976
-01281
+01340
+00558
+00444
-00712
+17296
-01022
+01593
+00513
+00168
-00824
+16652
-00797
+01837
+00530
+00100
-00860
+16740
-00659
+02027
+00597
+00284
-00228
+16936
-00617
+02093
+00706
+00732
+00576
+16776
-00653
+02008
+00827
+00808
+00640
+17372
-00744
+01811
+00916
+01080
+00048
+17884
-00838
+01573
+00964
+01924
-00648
+17604
-00853
+01345
+00982
+01572
-00916
+17084
-00775
+01145
+00952
+01128
-01032
+16144
-00666
+00933
+00892
+00160
-00984
+15164
-00602
+00647
+00835
-00640
-00780
+14968
-00668
+00293
+00812
-00536
-00880
+15336
-00868
-00088
+00862
-00176
-01372
+16400
-01146
-00401
+00981
+00620
-01568
+16604
-01386
-00566
+01153
+01192
-01272
+16740
-01525
-00534
+01345
+01384
-01148
+16492
-01573
-00364
+01523
+00892
-01048
+15596
-01568
-00159
+01677
+00272
-01152
+15044
-01570
-00018
+01816
+00000
-01204
+14520
-01607
+00011
+01970
-00336
-00904
+14784
-01669
-00058
+02131
+00036
-00448
+15128
-01728
-00176
+02284
+00892
-00372
+15732
-01749
-00268
+02390
+01596
-00572
+16356
-01709
-00276
+02404
+01412
-01036
+16320
-01583
-00197
+02321
+00752
-01140
+15680
-01387
-00085
+02172
-00148
-00888
+14996
-01177
+00003
+02019
-00228
-00688
+14564
-01019
+00053
+01908
-00024
-00880
+15488
-00935
+00069
+01835
+00332
-01312
+15852
-00871
+00108
+01788
+00620
-01504
+16004
-00781
+00210
+01765
+00864
-01516
+15520
-00657
+00354
+01765
+00436
-00964
+15140
-00538
+00495
+01771
+00064
-00192
+14344
-00490
+00557
+01771
+00160
-00224
+14260
-00563
+00513
+01744
+00136
-00720
+15240
-00749
+00406
+01634
-00344
-01092
+16304
-00954
+00298
+01442
-00196
-00788
+16332
-01062
+00229
+01225
+00184
-00200
+16044
-01060
+00209
+01023
+00392
-00144
+16396
-00993
+00210
+00821
+00396
-00484
+16372
-00887
+00209
+00616
+00200
-00624
+16308
-00752
+00204
+00446
-00236
-00656
+16300
-00599
+00187
+00340
-00256
-00668
+15908
-00445
+00141
+00305
-00208
-00596
+15920
-00334
+00082
+00336
-00384
-00652
+16340
-00290
+00009
+00398
-00344
-00492
+16344
-00289
-00057
+00475
-00132
-00244
+16308
-00313
-00108
+00563
+00248
-00244
+16736
-00344
-00148
+00638
+00600
-00108
+17196
-00344
-00192
+00667
+00456
-00088
+17284
-00287
-00257
+00627
+00280
-00220
+17324
-00166
-00348
+00528
+00256
-00476
+17328
+00007
-00451
+00402
+00072
-00536
+17584
+00217
-00547
+00263
+00072
-00616
+17600
+00462
-00635
+00125
+00116
-00612
+17432
+00732
-00701
-00010
-00320
-00588
+17732
+01018
-00754
-00142
+00148
-00208
+17200
+01332
-00809
-00245
+00296
+00212
+17772
+01662
-00858
-00339
+00316
+00044
+18696
+02032
-00911
-00449
+01372
+00388
+19020
+02522
-00971
-00567
+01976
+00796
+19360
+03176
-01043
-00721
+01968
+01168
+19204
+04018
-01193
-00945
+01628
+01624
+18460
+05030
-01480
-01237
+01344
+01720
+18272
+06148
-01932
-01594
+01504
+01612
+18424
+07327
-02539
-02032
+01472
+01564
+18924
+08553
-03217
-02561
+01408
+01264
+19928
+09821
-03892
-03157
+02036
+01524
+20276
+11135
-04533
-03753
+02304
+02020
+20304
+12464
-05101
-04305
+02116
+02500
+20072
+13779
-05593
-04785
+00988
+02384
+20292
+15066
-06022
-05147
+01744
+02940
+19420
+16363
-06412
-05332
+02548
+03800
+18736
+17610
-06759
-05371
+02628
+04200
+18660
+18733
-07108
-05403
+01828
+04064
+18616
+19695
-07468
-05498
+02032
+04644
+17764
+20503
-07784
-05625
+02816
+05260
+17424
+21139
-07981
-05750
+03204
+05440
+17308
+21561
-08033
-05902
+02672
+05168
+18380
+21790
-07974
-06071
+01652
+04952
+18192
+21946
-07877
-06172
+01532
+05752
+16356
+22128
-07784
-06102
+01768
+07552
+15324
+22274
-07672
-05854
+02052
+08676
+15200
+22321
-07540
-05500
+01972
+08368
+16040
+22293
-07406
-05111
+02276
+08228
+15584
+22304
-07288
-04710
+03772
+08744
+15196
+22381
-07186
-04322
+04320
+08992
+14748
+22480
-07135
-04036
+04100
+09744
+14232
+22539
-07167
-03914
+03436
+10000
+13548
+22540
-07265
-03881
+01676
+10080
+13156
+22490
-07412
-03868
+01148
+10388
+12264
+22479
-07583
-03799
+00864
+11280
+10992
+22545
-07713
-03662
+01192
+12592
+10876
+22665
-07780
-03492
+02004
+13676
+11192
+22832
-07800
-03322
+05140
+14292
+12084
+23031
-07764
-03147
+07612
+14492
+13204
+23284
-07634
-02990
+09056
+13676
+14224
+23686
-07406
-02868
+07892
+12112
+13280
+24367
-07162
-02761
+04676
+10936
+11016
+25347
-07043
-02594
+01744
+11524
+07588
+26499
-07219
-02289
+00616
+13612
+05304
+27547
-07773
-01813
+00884
+15352
+04588
+28276
-08628
-01232
+03452
+15476
+04924
+28609
-09550
-00638
+06572
+14504
+06312
+28643
-10329
-00209
+08564
+13308
+07280
+28537
-10902
-00152
+09164
+12316
+06752
+28381
-11386
-00542
+07220
+11456
+06344
+28163
-11913
-01296
+04672
+11744
+03208
+27815
-12473
-02145
+02364
+11668
+02100
+27216
-12963
-02809
+00732
+11020
+01320
+26321
-13264
-03147
+01016
+11220
+00556
+25200
-13232
-03110
+02584
+12336
+00852
+23899
-12768
-02771
+03484
+13648
+00800
+22474
-11903
-02303
+04280
+13932
+01268
+21007
-10740
-01837
+04884
+13620
+01484
+19614
-09360
-01430
+05468
+13244
+00324
+18395
-07816
-01079
+06432
+13648
-01084
+17340
-06243
-00775
+06564
+14100
-03692
+16364
-04882
-00588
+05960
+14568
-04136
+15307
-03959
-00575
+02504
+13160
-02780
+14147
-03648
-00749
+00912
+12728
-04952
+13093
-03941
-00928
+00960
+13864
-06132
+12145
-04570
-00966
+01448
+14600
-05648
+11182
-05232
-00897
+02788
+14736
-03836
+10161
-05688
-00780
+03304
+14924
-02472
+09179
-05751
-00655
+03200
+15412
-03016
+08372
-05376
-00553
+03816
+16020
-04256
+07765
-04679
-00506
+03328
+16168
-04420
+07263
-03848
-00609
+03964
+16548
-05248
+06808
-03053
-00875
+03972
+16168
-04776
+06338
-02352
-01264
+04340
+15784
-04748
+05880
-01758
-01744
+04144
+15544
-04504
+05475
-01267
-02266
+02708
+14620
-04076
+05159
-00895
-02766
+02316
+14260
-05160
+04973
-00665
-03137
+01792
+14400
-05944
+04864
-00543
-03323
+01652
+14792
-06628
+04707
-00488
-03323
+02168
+14816
-07144
+04423
-00462
-03130
+02000
+15396
-06380
+03965
-00416
-02820
+02648
+16016
-05752
+03392
-00350
-02463
+03324
+16068
-05136
+02814
-00286
-02161
+03784
+15944
-04632
+02314
-00179
-02003
+03852
+15916
-04556
+01924
+00004
-02018
+03476
+16388
-05072
+01618
+00241
-02187
+02296
+16112
-05048
+01339
+00506
-02420
+01740
+15388
-04968
+01087
+00792
-02593
+01908
+14896
-04464
+00917
+01103
-02651
+02824
+15032
-05032
+00903
+01389
-02641
+03588
+15512
-05392
+00983
+01590
-02642
+03968
+15280
-05672
+01062
+01683
-02679
+03624
+14800
-04952
+01087
+01716
-02684
+03336
+14844
-05460
+01086
+01692
-02596
+03084
+15180
-06492
+01074
+01548
-02397
+02068
+14800
-06276
+00988
+01203
-02162
+01112
+14500
-06016
+00845
+00610
-01955
+01612
+15040
-06012
+00689
-00137
-01767
+01820
+15936
-05388
+00520
-00841
-01613
+02288
+16212
-04540
+00332
-01348
-01490
+02852
+15976
-03748
+00154
-01585
-01405
+03136
+15600
-03612
+00033
-01532
-01402
+02784
+15668
-04008
+00001
-01235
-01498
+02728
+15792
-04532
+00035
-00831
-01676
+02536
+15912
-04704
+00100
-00429
-01891
+01608
+15992
-05092
+00165
-00088
-02096
+01076
+15864
-05632
+00240
+00147
-02235
+00884
+15644
-05732
+00318
+00277
-02261
+01140
+15320
-05416
+00403
+00359
-02176
+02068
+15292
-05376
+00524
+00423
-02002
+03024
+15420
-05396
+00675
+00463
-01794
+02920
+15196
-05504
+00828
+00448
-01620
+02364
+14932
-05800
+00947
+00353
-01489
+01824
+14808
-06036
+01000
+00177
-01363
+01556
+14804
-06256
+00962
-00044
-01188
+01704
+14772
-05728
+00826
-00270
-00939
+02136
+14744
-05064
+00643
-00453
-00634
+02736
+15060
-04904
+00481
-00562
-00309
+02708
+15680
-04936
+00369
-00628
-00030
+02056
+15972
-05776
+00296
-00720
+00152
+01604
+16068
-06120
+00219
-00846
+00225
+01224
+15932
-05372
+00096
-00943
+00208
+01548
+15900
-05080
-00013
-00951
+00129
+02264
+15812
-04628
-00063
-00816
+00003
+02676
+15680
-04428
-00049
-00522
-00181
+02912
+15524
-04876
+00029
-00114
-00400
+02712
+15208
-05364
+00136
+00304
-00630
+02212
+14944
-05864
+00224
+00648
-00823
+01760
+14872
-06472
+00258
+00855
-00930
+01304
+14864
-06756
+00219
+00901
-00922
+01600
+14844
-06596
+00111
+00817
-00801
+01928
+14988
-05876
-00038
+00659
-00608
+02332
+15152
-05516
-00181
+00486
-00398
+02656
+15204
-05468
-00283
+00348
-00210
+02588
+15368
-05500
-00349
+00266
-00067
+02608
+15368
-05480
-00398
+00228
+00028
+02408
+15128
-05504
-00439
+00222
+00084
+02220
+15164
-05824
-00480
+00224
+00121
+01484
+15424
-05960
-00532
+00205
+00165
+01132
+15696
-06292
-00618
+00120
+00220
+00912
+15940
-06156
-00746
-00058
+00271
+01304
+16076
-05460
-00903
-00265
+00294
+01876
+16172
-04748
-01052
-00398
+00261
+01948
+16156
-04588
-01130
-00384
+00165
+01932
+16168
-04576
-01119
-00188
+00029
+02060
+16216
-04960
-01045
+00141
-00109
+02000
+16160
-05092
-00937
+00523
-00225
+01716
+15984
-04896
-00823
+00862
-00310
+02040
+15948
-05020
-00691
+01093
-00344
+02160
+15824
-04956
-00540
+01205
-00325
+02384
+15952
-04776
-00380
+01215
-00266
+02520
+16252
-05228
-00228
+01126
-00193
+02748
+16288
-04956
-00129
+00943
-00148
+02960
+16208
-04332
-00086
+00700
-00185
+03276
+16148
-03796
-00059
+00457
-00307
+03328
+16040
-03820
-00004
+00265
-00506
+03036
+15824
-03960
+00082
+00158
-00741
+02544
+15592
-04440
+00172
+00126
-00953
+02000
+15440
-05004
+00230
+00126
-01085
+01540
+15564
-05404
+00237
+00099
-01112
+01364
+15584
-05568
+00178
+00003
-01048
+01692
+15652
-05264
+00065
-00155
-00948
+01804
+15700
-04888
-00069
-00331
-00865
+01648
+15620
-04800
-00180
-00450
-00818
+01400
+15652
-04920
-00248
-00461
-00784
+01244
+15772
-05164
-00284
-00365
-00730
+01552
+15924
-05504
-00309
-00204
-00638
+01996
+15952
-05368
-00356
-00017
-00541
+02152
+15820
-05408
-00426
+00149
-00491
+02012
+15888
-05212
-00512
+00280
-00509
+01744
+15968
-05332
-00595
+00377
-00562
+01732
+15892
-05120
-00653
+00447
-00615
+01816
+16000
-05052
-00675
+00467
-00662
+01804
+15880
-04900
-00659
+00437
-00704
+01800
+15772
-04824
-00607
+00372
-00747
+01872
+15796
-04944
-00528
+00291
-00770
+01976
+15928
-05016
-00443
+00205
-00776
+01648
+16004
-05296
-00377
+00102
-00788
+01496
+16084
-05256
-00344
-00041
-00838
+01240
+15840
-04900
-00352
-00212
-00933
+01192
+15724
-04652
-00379
-00358
-01058
+01468
+15548
-04348
-00398
-00406
-01170
+01364
+15528
-04324
-00406
-00320
-01240
+01612
+15612
-04692
-00404
-00122
-01255
+01716
+15608
-04876
-00409
+00118
-01245
+01588
+15692
-04920
-00438
+00335
-01247
+01524
+15708
-04824
-00488
+00488
-01267
+01584
+15628
-04580
-00531
+00563
-01298
+01780
+15752
-04608
-00546
+00590
-01328
+01876
+15860
-05016
-00535
+00574
-01369
+01348
+15840
-05400
-00524
+00506
-01433
+00948
+15828
-05388
-00538
+00376
-01508
+01036
+15668
-05256
-00585
+00204
-01573
+01168
+15532
-04904
-00649
+00035
-01615
+01136
+15372
-04544
-00712
-00076
-01633
+01084
+15480
-04544
-00760
-00098
-01607
+00944
+15472
-04708
-00795
-00050
-01528
+00816
+15464
-04968
-00855
+00028
-01400
+00760
+15536
-04936
-00961
+00094
-01247
+00888
+15528
-04832
-01108
+00122
-01108
+01252
+15640
-04660
-01277
+00121
-01010
+01240
+15652
-04428
-01451
+00122
-00973
+01000
+15464
-04428
-01612
+00163
-00979
+00776
+15280
-04688
-01747
+00258
-00981
+00544
+15120
-04964
-01873
+00394
-00936
+00440
+15044
-05156
-02025
+00537
-00831
+00360
+15112
-05292
-02236
+00636
-00686
+00272
+15380
-04840
-02510
+00673
-00523
+00720
+15764
-04184
-02822
+00682
-00356
+01268
+16260
-03784
-03123
+00730
-00194
+01672
+16596
-02872
-03351
+00848
-00046
+01644
+16760
-02900
-03439
+01007
+00074
+01592
+17356
-03252
-03353
+01149
+00165
+01228
+17764
-03820
-03117
+01216
+00228
+01212
+17976
-03896
-02778
+01162
+00231
+01684
+17876
-03712
-02376
+00999
+00151
+01972
+17680
-03672
-01937
+00776
-00033
+02020
+17240
-03420
-01496
+00565
-00305
+01952
+16832
-03668
-01081
+00411
-00607
+01556
+16624
-04044
-00714
+00294
-00891
+00892
+16388
-04256
-00422
+00178
-01120
+00304
+16092
-04276
-00214
+00045
-01261
+00112
+15760
-04052
-00088
-00090
-01306
+00428
+15552
-03800
-00018
-00186
-01256
+00748
+15564
-03668
+00003
-00208
-01132
+00844
+15684
-03852
-00026
-00150
-00966
+00748
+15816
-03668
-00107
-00021
-00779
+00836
+15832
-03680
-00218
+00149
-00578
+01016
+15896
-03532
-00335
+00338
-00377
+01168
+15928
-03764
-00431
+00511
-00197
+01404
+15996
-03880
-00512
+00640
-00064
+01580
+16072
-03948
-00595
+00704
+00014
+01252
+15968
-03956
-00690
+00711
+00038
+00804
+15904
-03936
-00792
+00674
+00034
+00424
+15964
-04044
-00886
+00611
+00037
+00660
+16080
-03840
-00953
+00548
+00079
+01168
+16216
-03508
-00984
+00508
+00131
+01640
+16440
-03472
-00974
+00494
+00148
+01828
+16436
-03388
-00931
+00505
+00097
+01404
+16172
-03796
-00873
+00525
-00018
+00632
+15892
-03972
-00812
+00546
-00148
+00332
+15852
-04136
-00768
+00548
-00218
+00300
+15888
-04288
-00753
+00537
-00177
+00392
+15888
-04060
-00778
+00514
-00042
+00704
+16112
-03812
-00836
+00499
+00140
+00976
+16176
-03992
-00924
+00507
+00327
+00960
+16008
-03408
-01025
+00555
+00493
+00960
+15920
-03328
-01132
+00673
+00625
+01296
+16156
-03300
-01199
+00829
+00724
+01400
+16272
-03528
-01213
+00980
+00766
+01572
+16372
-03632
-01199
+01077
+00748
+01648
+16264
-03812
-01187
+01096
+00672
+01668
+16192
-03556
-01188
+01057
+00557
+01608
+15996
-03584
-01200
+00972
+00422
+01644
+15976
-03516
-01213
+00855
+00287
+01720
+16104
-03576
-01231
+00722
+00160
+01212
+16184
-03468
-01271
+00561
+00040
+00424
+16076
-03740
-01341
+00386
-00056
+00408
+16080
-03352
-01448
+00231
-00095
+00804
+16156
-03096
-01568
+00145
-00071
+01204
+16372
-02836
-01679
+00174
-00029
+01832
+16384
-02540
-01782
+00315
-00007
+02012
+16468
-02540
-01875
+00534
-00027
+01856
+16484
-02908
-01956
+00774
-00085
+01364
+16360
-03056
-02031
+00961
-00166
+00900
+16412
-03524
-02106
+01043
-00238
+00912
+16592
-03408
-02199
+01004
-00288
+01412
+16716
-03160
-02300
+00876
-00331
+01508
+16568
-02264
-02385
+00724
-00383
+01420
+16380
-02296
-02418
+00622
-00437
+01032
+16336
-02496
-02389
+00587
-00463
+00916
+16320
-02868
-02333
+00589
-00441
+00892
+16232
-03060
-02315
+00589
-00365
+00704
+16256
-02828
-02369
+00577
-00257
+01036
+16316
-02548
-02468
+00569
-00128
+01400
+16512
-02248
-02575
+00598
+00007
+01580
+16724
-02112
-02640
+00653
+00103
+01504
+16700
-02380
-02651
+00703
+00138
+01000
+16568
-02220
-02627
+00705
+00109
+00728
+16704
-02340
-02588
+00662
+00055
+00864
+16824
-02376
-02549
+00606
+00022
+01128
+16960
-01936
-02509
+00565
+00012
+01408
+17032
-01844
-02474
+00546
-00023
+01324
+16664
-01848
-02432
+00561
-00107
+01180
+16452
-01792
-02376
+00612
-00231
+01104
+16536
-01892
-02308
+00702
-00362
+01164
+16488
-02024
-02239
+00819
-00450
+00948
+16592
-02120
-02197
+00941
-00490
+00880
+16452
-02292
-02193
+01034
-00487
+00988
+16484
-02216
-02235
+01066
-00464
+01416
+16468
-02132
-02325
+01050
-00455
+01664
+16576
-01712
-02458
+01026
-00500
+01560
+16468
-01520
-02628
+01036
-00591
+01316
+16228
-01476
-02817
+01088
-00698
+01120
+15964
-01664
-03017
+01170
-00785
+00884
+15920
-02092
-03247
+01254
-00837
+01036
+16088
-02280
-03551
+01298
-00879
+01336
+16188
-01892
-03961
+01314
-00948
+01392
+16384
-01632
-04439
+01367
-01038
+01044
+16360
-01908
-04923
+01515
-01106
+00088
+16268
-02876
-05384
+01727
-01113
-00752
+16012
-03388
-05848
+01906
-01033
-00236
+15448
-03684
-06389
+01963
-00878
+00908
+14912
-02844
-07096
+01879
-00747
+01476
+15044
-00984
-08014
+01715
-00750
+01760
+14864
+00220
-09076
+01620
-00873
+01696
+14248
+01296
-10213
+01755
-01008
+00948
+14348
+01328
-11315
+02118
-01108
+00652
+14452
+00836
-12341
+02589
-01146
+01268
+14360
+00768
-13347
+03012
-01158
+01476
+14348
+01252
-14392
+03277
-01269
+01072
+15272
+02436
-15479
+03348
-01570
+01184
+15628
+03692
-16540
+03338
-01996
+01116
+15820
+05360
-17472
+03437
-02429
+01012
+16112
+05924
-18126
+03719
-02810
+00848
+15900
+05660
-18444
+04136
-03104
+00408
+15376
+04564
-18490
+04509
-03342
+00316
+14500
+03812
-18434
+04646
-03583
-00556
+14156
+03936
-18486
+04460
-03910
-00956
+14068
+04168
-18756
+04000
-04324
-01396
+13352
+06156
-19301
+03522
-04729
-01604
+12996
+07908
-20012
+03271
-05033
-01144
+12524
+08808
-20728
+03396
-05145
-02152
+12348
+07920
-21380
+03888
-05020
-03248
+12064
+06688
-22019
+04549
-04690
-03328
+12108
+06684
-22752
+05115
-04243
-03100
+12372
+08188
-23620
+05468
-03814
-02144
+12208
+10540
-24507
+05662
-03466
-01068
+12228
+12172
-25251
+05849
-03219
-00504
+12144
+12624
-25754
+06116
-03084
-01052
+11704
+12252
-26046
+06448
-03045
-02644
+10956
+11240
-26241
+06732
-03072
-03308
+10448
+11376
-26463
+06869
-03089
-03616
+10232
+12284
-26764
+06858
-03056
-03132
+09972
+13716
-27083
+06779
-02930
-01924
+09784
+15092
-27322
+06731
-02678
-01940
+09520
+15292
-27358
+06718
-02348
-02800
+09196
+14744
-27152
+06657
-01962
-03792
+09116
+13944
-26771
+06440
-01523
-03892
+09068
+14424
-26302
+06010
-01014
-03096
+08944
+14900
-25759
+05417
-00451
-02324
+08700
+16320
-25105
+04769
+00110
-01136
+08896
+16588
-24272
+04146
+00607
-01040
+08760
+16360
-23252
+03566
+00981
-02560
+08232
+16048
-22110
+02991
+01226
-03688
+07480
+15332
-20923
+02414
+01423
-03592
+06928
+14988
-19792
+01838
+01657
-03076
+06636
+15344
-18800
+01268
+01925
-02452
+06416
+16348
-17971
+00774
+02174
-02056
+06280
+16724
-17250
+00400
+02361
-03260
+05784
+17248
-16567
+00114
+02481
-04332
+05332
+15776
-15879
-00139
+02592
-04536
+05172
+15604
-15245
-00372
+02757
-03192
+04776
+16480
-14729
-00572
+02963
-01732
+04368
+17512
-14296
-00674
+03142
-00960
+03804
+18440
-13867
-00621
+03222
-00360
+03104
+18076
-13366
-00444
+03182
-00912
+02304
+17208
-12801
-00218
+03039
-03124
+01536
+15848
-12269
-00048
+02848
-05364
+01356
+14384
-11890
-00021
+02726
-06204
+01400
+13804
-11787
-00114
+02779
-05088
+01372
+15316
-11981
-00213
+03001
-02568
+01024
+17652
-12332
-00165
+03298
-00184
+01128
+18484
-12583
+00087
+03533
+00920
+01396
+18212
-12599
+00442
+03558
-00824
+00792
+17424
-12397
+00706
+03344
-03896
+00588
+15008
-12077
+00736
+03039
-05200
+00704
+14708
-11793
+00516
+02874
-04404
+00784
+15704
-11629
+00142
+02945
-02188
+00644
+17392
-11502
-00232
+03179
+00956
+00432
+18204
-11279
-00511
+03406
+02112
-00516
+19140
-10884
-00726
+03425
+01180
-02264
+19184
-10287
-00955
+03188
-01544
-02636
+17232
-09571
-01279
+02862
-03380
-01972
+14420
-08947
-01791
+02705
-05164
-01392
+12840
-08736
-02475
+02859
-05576
-01972
+13152
-09062
-03236
+03320
-04100
-02304
+16512
-09770
-03927
+03990
-00496
-01180
+17388
-10481
-04459
+04676
+00176
-00456
+20148
-10968
-04781
+05100
-00092
-00224
+20020
-11091
-04969
+05147
-00564
-00352
+18436
-10856
-05066
+04909
-00476
-01120
+18552
-10363
-05073
+04492
+00176
-02288
+19096
-09712
-04958
+03991
+01376
-02792
+19188
-08887
-04740
+03483
+01008
-03316
+18220
-07906
-04470
+03007
-03016
-02724
+17204
-06856
-04238
+02664
-05488
-01588
+14264
-05882
-04185
+02695
-06044
-00836
+14132
-05161
-04382
+03167
-03824
-00876
+16076
-04791
-04756
+03857
-00492
-01048
+18748
-04509
-05101
+04438
+02500
-00184
+20828
-04038
-05153
+04611
+04856
-00016
+22832
-03214
-04831
+04256
+05092
-00752
+20968
-02025
-04223
+03428
+02340
-02992
+19796
-00649
-03468
+02359
-01540
-04952
+18068
+00749
-02784
+01431
-04516
-04516
+13804
+02032
-02338
+01048
-05632
-03140
+11300
+02909
-02247
+01299
-04756
-02212
+12336
+03132
-02547
+01908
-02480
-01996
+15984
+02765
-03042
+02465
+01328
-01252
+19108
+02103
-03393
+02682
+03060
-01216
+21712
+01443
-03339
+02401
+03516
-01940
+22128
+00976
-02768
+01712
+02324
-02500
+20040
+00738
-01783
+00865
-00116
-03268
+17376
+00647
-00733
+00157
-02100
-03736
+15388
+00586
+00041
-00150
-03884
-04028
+14940
+00488
+00364
+00052
-03928
-03480
+14244
+00403
+00193
+00726
-02856
-02296
+15116
+00351
-00332
+01683
+00496
-00436
+16728
+00325
-00996
+02626
+04592
+00540
+18844
+00312
-01582
+03228
+04868
-00448
+20204
+00358
-01952
+03270
+02600
-01596
+19172
+00556
-02068
+02836
+00448
-01932
+17024
+00948
-02045
+02245
-01372
-01396
+15196
+01441
-02085
+01765
-02912
-01196
+14000
+01834
-02394
+01512
-02428
-01768
+14612
+02008
-03037
+01447
-00904
-02124
+16660
+01937
-03799
+01437
+01264
-01656
+18300
+01724
-04386
+01377
+01740
-01660
+18872
+01465
-04596
+01223
+01468
-02788
+18184
+01187
-04386
+01030
-00052
-04148
+16772
+00897
-03899
+00935
-01268
-05004
+16004
+00574
-03372
+01068
-01952
-04924
+15088
+00191
-02977
+01500
-01944
-04412
+14820
-00324
-02741
+02225
-00948
-04004
+15528
-00995
-02607
+03173
+00032
-03872
+16316
-01773
-02456
+04204
+00136
-03712
+16668
-02555
-02230
+05172
+00012
-03464
+16924
-03264
-01956
+06009
+00600
-02900
+16744
-03870
-01665
+06727
+01480
-02368
+16708
-04358
-01406
+07296
+01160
-02384
+16552
-04720
-01196
+07675
+01136
-02804
+16356
-04918
-01045
+07889
+01212
-02900
+16728
-04923
-00949
+07969
+00588
-02376
+16432
-04748
-00933
+07904
+00012
-01392
+15872
-04441
-01019
+07687
-00100
-00528
+16032
-04087
-01158
+07324
+00076
-00240
+16684
-03718
-01246
+06797
+01784
-00372
+17640
-03280
-01194
+06090
+03416
-00804
+19444
-02711
-00927
+05163
+04176
-01344
+19484
-01935
-00462
+04022
+04112
-01800
+18588
-00977
+00114
+02755
+02844
-02264
+17600
+00035
+00676
+01456
+01180
-02764
+16344
+00972
+01095
+00246
-00296
-03164
+15856
+01719
+01349
-00736
-00940
-03676
+15792
+02206
+01505
-01386
-00916
-04200
+15860
+02440
+01666
-01664
-00396
-04176
+15788
+02469
+01882
-01585
+00844
-02992
+15064
+02350
+02125
-01221
+04224
-03644
+18548
+01723
+02462
-00870
-03164
-06296
+17196
+00999
+02422
-00907
+00084
-05632
+12824
+00680
+02176
-00637
-02812
-03360
+16156
+00441
+01910
-00160
-01548
-01564
+13948
+00168
+01517
+00423
-00652
-01908
+15820
-00139
+01108
+01043
+01520
-02268
+17880
-00450
+00803
+01536
+02984
-01760
+18476
-00589
+00632
+01798
+03312
-00932
+18448
-00486
+00630
+01734
+02696
-00792
+17924
-00189
+00730
+01376
+01496
-01396
+17084
+00207
+00841
+00826
+00084
-02008
+16452
+00653
+00922
+00222
-00604
-02384
+16444
+01144
+00930
-00308
-00220
-02272
+15804
+01646
+00867
-00708
+00588
-02092
+16268
+02084
+00788
-00996
+00448
-02244
+16640
+02403
+00728
-01222
+00284
-02600
+16604
+02619
+00710
-01373
+00040
-02916
+16436
+02749
+00749
-01410
+00224
-02852
+16184
+02823
+00817
-01315
-00120
-02864
+16360
+02824
+00862
-01126
-00576
-02736
+16028
+02725
+00844
-00880
-01020
-02732
+15924
+02500
+00789
-00591
-01232
-02672
+16340
+02175
+00769
-00272
-00812
-02608
+17380
+01825
+00839
+00059
+00344
-02256
+17380
+01554
+01014
+00354
+01192
-01896
+17348
+01381
+01276
+00575
+01560
-01860
+17312
+01275
+01552
+00668
+01196
-01828
+16812
+01218
+01749
+00630
+00608
-01868
+16432
+01193
+01810
+00476
+00096
-01620
+16104
+01181
+01727
+00263
-00140
-01612
+16188
+01170
+01526
+00044
-00148
-01804
+16252
+01144
+01238
-00149
-00724
-02256
+16524
+01121
+00897
-00305
-00744
-02304
+15924
+01122
+00538
-00383
-00732
-02192
+15684
+01122
+00181
-00365
-00712
-01732
+15744
+01082
-00186
-00302
-00660
-01656
+16036
+00985
-00534
-00222
-00536
-01788
+16452
+00833
-00814
-00148
-00496
-01812
+16856
+00666
-00956
-00082
-00428
-01676
+16904
+00525
-00931
-00026
-00452
-01512
+16748
+00431
-00767
+00023
-00600
-01436
+16528
+00375
-00526
+00063
-00348
-01548
+16432
+00339
-00256
+00102
-00476
-01864
+16516
+00312
+00001
+00129
-00540
-01888
+16480
+00298
+00236
+00151
-00660
-01832
+16292
+00294
+00449
+00188
-00468
-01708
+16424
+00288
+00645
+00253
-00320
-01680
+16412
+00287
+00827
+00332
-00468
-01692
+16256
+00293
+00980
+00399
-00600
-01564
+16096
+00306
+01095
+00459
-00680
-01504
+15952
+00317
+01171
+00518
-00512
-01352
+15928
+00308
+01219
+00572
-00352
-01192
+16044
+00269
+01250
+00600
-00200
-01140
+16240
+00217
+01280
+00590
-00220
-01072
+16196
+00184
+01334
+00545
-00320
-01060
+16072
+00194
+01406
+00475
-00536
-00792
+15884
+00258
+01475
+00401
-00412
-00720
+15664
+00362
+01513
+00326
-00288
-00596
+15568
+00491
+01506
+00250
+00056
-00560
+15448
+00648
+01467
+00146
+00152
-00368
+15136
+00810
+01414
+00002
-00060
-00228
+15200
+00961
+01375
-00182
-00292
-00068
+15176
+01088
+01345
-00380
-01080
-00160
+15160
+01195
+01310
-00550
-01612
-00256
+15312
+01286
+01259
-00638
-01640
-00084
+15544
+01363
+01203
-00603
-01516
+00008
+15808
+01438
+01167
-00451
-01164
+00220
+16248
+01528
+01163
-00211
-00876
+00252
+16688
+01640
+01210
+00090
-00740
+00136
+16828
+01774
+01312
+00423
-00904
-00136
+17044
+01917
+01454
+00771
-01164
-00356
+16628
+02062
+01607
+01123
-01160
-00416
+16644
+02179
+01747
+01470
-01196
-00316
+16556
+02259
+01853
+01795
-00908
-00268
+16968
+02305
+01923
+02057
-00800
-00392
+17248
+02328
+01951
+02215
-01128
-00700
+17420
+02364
+01944
+02257
-01060
-00604
+17200
+02416
+01922
+02224
-01068
-00504
+17156
+02460
+01888
+02137
-01228
-00344
+16772
+02484
+01835
+02018
-01232
-00268
+16868
+02476
+01759
+01877
-01176
-00208
+16608
+02450
+01659
+01723
-00844
-00184
+16864
+02414
+01512
+01555
-01016
-00240
+16300
+02370
+01315
+01369
-01636
-00272
+16348
+02304
+01070
+01171
-02272
-00492
+16444
+02213
+00770
+00994
-02696
-00492
+16640
+02122
+00423
+00868
-02804
-00428
+16952
+02059
+00072
+00817
-02484
-00516
+17300
+02038
-00222
+00855
-02168
-00552
+17248
+02048
-00416
+00957
-01756
-00536
+17344
+02072
-00499
+01083
-01460
-00396
+17280
+02094
-00498
+01181
-01412
-00308
+17260
+02101
-00443
+01219
-01580
-00344
+17236
+02095
-00376
+01190
-01836
-00264
+17036
+02081
-00319
+01128
-01808
+00032
+16936
+02041
-00283
+01046
-01604
+00196
+17316
+01964
-00271
+00960
-01516
+00252
+17628
+01859
-00258
+00884
-01148
+00368
+17700
+01764
-00209
+00843
-00680
+00524
+17792
+01707
-00118
+00842
+00004
+00612
+17684
+01702
-00009
+00861
-00100
+00436
+17336
+01738
+00070
+00866
-00684
+00360
+16800
+01770
+00061
+00835
-01284
+00452
+17004
+01740
-00080
+00777
-01460
+00684
+17208
+01642
-00350
+00701
-01196
+00792
+17704
+01480
-00657
+00620
-00036
+00872
+18540
+01288
-00900
+00527
+00508
+00736
+18724
+01109
-01004
+00393
+00396
+00416
+18588
+00980
-00967
+00215
-00388
+00264
+18028
+00922
-00866
+00043
-00632
+00556
+17620
+00934
-00825
-00083
-00568
+00540
+17268
+00983
-00909
-00154
-00108
+00656
+17628
+01028
-01105
-00184
-00244
+00480
+17728
+01049
-01352
-00199
-00540
+00384
+17456
+01043
-01601
-00222
-01184
+00544
+17012
+01005
-01819
-00246
-01628
+00608
+17164
+00913
-01990
-00237
-01452
+00688
+17484
+00761
-02099
-00173
-00704
+00776
+18128
+00586
-02101
-00078
+00300
+01004
+18544
+00435
-01984
+00004
+00704
+01096
+18464
+00346
-01754
+00021
+00624
+00944
+18180
+00323
-01452
-00046
-00188
+00844
+17252
+00362
-01162
-00194
-00788
+01020
+16664
+00425
-00961
-00380
-00652
+01048
+16624
+00458
-00871
-00556
-00436
+00868
+16788
+00440
-00872
-00705
-00188
+00684
+17112
+00397
-00910
-00825
+00128
+00760
+16780
+00365
-00963
-00914
+00040
+00952
+16988
+00322
-01031
-01001
-00252
+00948
+16640
+00264
-01133
-01103
-00860
+00784
+16804
+00182
-01256
-01212
-01440
+00592
+16736
+00090
-01373
-01289
-01276
+00736
+16680
+00011
-01440
-01292
-00864
+00868
+16756
-00066
-01439
-01220
-00528
+00724
+17216
-00139
-01384
-01114
-00032
+00616
+17152
-00187
-01304
-01007
-03364
+00352
+17164
-00206
-01185
-00933
+01264
+00340
+15828
-00552
-00559
-00811
-01420
-00256
+19312
-00712
+00018
-00655
-00512
+01504
+15624
-00824
+00591
-00503
+00380
+01200
+16628
-00888
+01060
-00352
+00212
+00836
+16896
-00926
+01342
-00254
+00668
+00376
+16656
-00971
+01353
-00215
-00896
+00988
+17604
-01065
+00813
-00207
-01492
+00724
+19464
-01130
+00481
-00181
-00936
+01216
+16964
-01119
+00373
-00127
-01368
+01380
+16800
-01068
+00385
-00052
-00724
+00980
+17248
-01020
+00398
+00026
-00780
+01312
+17548
-01011
+00261
+00070
-00436
+01300
+17496
-01011
+00230
+00082
-00280
+00984
+16052
-01002
+00163
+00058
-00092
+01032
+17424
-01003
+00125
+00017
+00228
+00728
+17000
-00999
+00102
-00035
-00060
+00644
+16720
-00976
+00072
-00102
-01824
-00540
+21160
-01025
-00063
-00200
+00052
+00516
+24388
-01075
-00157
-00319
-00240
+01412
+15244
-00960
-00059
-00498
-00212
+01172
+17776
-00815
-00038
-00777
-00164
+00896
+19200
-00670
-00041
-01099
-00452
+00956
+15980
-00555
-00027
-01418
-00624
+00704
+16468
-00430
-00018
-01679
-00524
+00612
+16608
-00332
-00012
-01860
-00780
+00476
+15800
-00305
-00007
-01989
-01120
+00352
+16328
-00371
-00008
-02065
-01444
+00116
+18708
-00475
-00019
-02060
-00836
+00304
+17848
-00479
-00032
-01960
-00472
+00600
+15452
-00386
-00006
-01812
-00512
+00652
+14972
-00312
+00007
-01697
-00664
+00600
+15792
-00251
-00012
-01614
-00592
+00544
+16060
-00209
-00004
-01541
-00480
+00412
+16864
-00181
+00009
-01482
-00376
+00480
+17488
-00154
-00003
-01443
-00024
+00548
+17260
-00136
+00004
-01450
+00044
+00608
+17172
-00126
+00016
-01522
-00116
+00700
+17144
-00108
+00005
-01649
-00208
+00848
+16824
-00094
+00005
-01811
-00956
+00716
+16500
-00082
+00009
-01988
-01248
+00456
+16536
-00067
+00002
-02122
-01328
+00476
+16504
-00057
+00004
-02157
-01120
+00328
+16760
-00055
+00011
-02084
-00836
+00352
+16964
-00055
+00011
-01911
-00768
+00368
+17000
-00059
+00017
-01678
-00692
+00696
+16956
-00066
+00026
-01438
-00208
+00912
+17392
-00066
+00028
-01228
-00060
+00536
+17824
-00024
+00017
-01072
-01024
+00488
+18472
+00152
+00014
-00993
-00680
+01016
+13736
+00455
+00025
-00996
+00632
+02336
+11072
+00607
+00013
-01049
-00288
+00296
+17156
+00145
+00033
-01134
-00176
+00804
+14484
-00134
+00013
-01229
-00652
+00324
+20708
-00356
+00012
-01338
-00580
+00976
+12460
-00451
+00011
-01448
-00344
+00456
+15792
-00344
-00009
-01534
-00408
+00340
+19604
-00207
+00021
-01617
-00460
+00836
+15228
+00074
+00020
-01694
-00592
+00584
+17536
+00173
+00027
-01774
-00720
+01044
+14324
+00381
+00010
-01835
-00516
+00828
+14564
+00353
+00013
-01869
-00768
+00480
+17696
+00043
+00022
-01869
-00504
+00656
+16852
-00073
+00008
-01853
-00548
+00520
+18276
-00224
+00012
-01842
-00548
+00748
+14972
-00236
+00010
-01827
-00664
+00452
+18892
-00294
+00008
-01820
-00400
+00748
+15544
-00267
+00010
-01817
-00704
+00448
+18220
-00279
+00015
-01813
-00632
+00700
+15856
-00234
+00014
-01797
-00860
+00428
+18208
-00212
+00015
-01772
-00624
+00656
+15600
-00158
+00014
-01729
-00664
+00408
+18076
-00122
+00013
-01674
-00652
+00656
+16076
-00074
+00016
-01618
-00716
+00492
+17756
-00026
+00014
-01554
-00668
+00528
+16352
+00020
+00016
-01491
-00728
+00448
+17720
+00076
+00019
-01422
-00732
+00632
+16352
+00116
+00022
-01346
-00824
+00540
+17412
+00181
+00019
-01254
-00960
+00688
+15576
+00223
+00022
-01171
-00716
+00756
+14728
+00252
+00018
-01064
-00820
+00548
+18432
+00044
+00024
-00937
-00708
+00684
+16224
-00077
+00020
-00804
-00796
+00352
+17940
-00161
+00024
-00682
-00632
+00692
+15612
-00199
+00028
-00567
-00616
+00612
+18244
-00203
+00027
-00460
-00636
+00652
+16060
-00201
+00031
-00370
-00648
+00384
+17604
-00166
+00031
-00296
-00432
+00712
+16388
-00144
+00034
-00235
-00604
+00676
+17548
-00082
+00034
-00184
-00568
+00632
+16484
-00046
+00038
-00148
-00772
+00952
+16068
+00033
+00035
-00117
-00592
+00676
+15324
+00040
+00034
-00099
-00500
+00636
+16024
-00038
+00042
-00091
-00520
+00560
+17536
-00099
+00039
-00083
-00592
+00556
+17628
-00110
+00036
-00073
-00584
+00708
+16280
-00114
+00042
-00070
-00328
+00460
+17592
-00078
+00036
-00069
-00608
+00640
+16748
-00075
+00038
-00066
-00540
+00600
+17100
-00115
+00039
-00065
-00524
+00636
+16836
-00130
+00034
-00063
-00436
+00700
+17072
-00121
+00035
-00061
-00504
+00596
+16420
-00103
+00035
-00058
-00468
+00604
+17148
-00121
+00034
-00058
-00500
+00692
+17108
-00143
+00034
-00057
-00620
+00632
+16592
-00124
+00036
-00061
-00424
+00652
+16512
-00114
+00037
-00066
-00596
+00564
+17128
-00131
+00035
-00067
-00568
+00600
+17000
-00140
+00037
-00067
-00572
+00680
+16632
-00125
+00037
-00062
-00452
+00768
+16676
-00120
+00037
-00064
-00452
+00632
+17120
-00135
+00036
-00066
-00624
+00560
+16932
-00137
+00038
-00067
-00600
+00648
+16732
-00126
+00040
-00067
-00480
+00684
+16928
-00129
+00037
-00065
-00420
+00624
+16980
-00137
+00034
-00064
-00596
+00600
+16724
-00133
+00035
-00065
-00568
+00648
+16704
-00129
+00036
-00067
-00488
+00660
+16928
-00135
+00035
-00066
-00480
+00668
+16872
-00133
+00033
-00067
-00632
+00652
+16744
-00130
+00036
-00069
-00596
+00656
+16924
-00134
+00037
-00066
-00552
+00736
+16924
-00132
+00035
-00066
-00488
+00704
+16792
-00123
+00033
-00068
-00552
+00604
+16824
-00124
+00033
-00070
-00552
+00652
+16884
-00131
+00034
-00070
-00480
+00668
+16796
-00127
+00034
-00075
-00444
+00668
+16756
-00123
+00034
-00077
-00568
+00644
+16960
-00128
+00034
-00078
-00640
+00620
+16900
-00132
+00034
-00078
-00496
+00672
+16904
-00127
+00030
-00077
-00512
+00664
+16948
-00126
+00031
-00075
-00548
+00664
+16872
-00126
+00029
-00075
-00576
+00564
+16828
-00125
+00028
-00074
-00584
+00596
+16880
-00125
+00034
-00074
-00432
+00672
+16800
-00125
+00034
-00070
-00516
+00688
+16816
-00122
+00034
-00069
-00600
+00640
+16796
-00120
+00035
-00072
-00568
+00636
+16936
-00127
+00034
-00077
-00492
+00676
+16892
-00128
+00033
-00083
-00512
+00616
+16812
-00126
+00033
-00083
-00556
+00676
+16808
-00126
+00030
-00086
-00548
+00652
+16960
-00128
+00031
-00090
-00520
+00656
+16816
-00128
+00032
-00092
-00548
+00684
+16828
-00125
+00033
-00097
-00536
+00644
+16932
-00125
+00030
-00100
-00444
+00592
+16912
-00125
+00030
-00105
-00500
+00692
+16748
-00122
+00028
-00110
-00508
+00688
+16800
-00123
+00030
-00115
-00544
+00604
+16780
-00128
+00028
-00119
-00552
+00556
+16832
-00129
+00032
-00124
-00512
+00708
+16932
-00126
+00032
-00126
-00560
+00640
+16828
-00129
+00033
-00123
-00516
+00632
+16928
-00130
+00034
-00120
-00696
+00560
+16152
-00132
+00029
-00119
-00432
+00732
+16896
-00163
-00017
-00110
-00448
+00808
+14744
-00302
-00043
-00095
-04984
-01852
+32372
-00600
-00051
-00088
-00916
+00064
+24188
-00621
-00140
-00053
+00340
+01136
+15408
-00509
-00117
-00014
-00044
+01040
+12952
-00370
+00012
+00007
+00068
+00820
+16040
-00320
-00030
+00030
-00172
+00344
+17704
-00290
-00076
+00035
-00536
+00592
+18140
-00228
-00004
+00008
-00492
+00744
+16260
-00200
-00021
-00007
-00340
+00632
+17552
-00203
-00052
-00019
-00280
+00588
+16236
-00183
-00034
-00040
-00480
+00608
+16624
-00159
-00013
-00075
-00460
+00752
+16464
-00168
-00031
-00120
-00584
+00572
+16380
-00197
-00095
-00179
-00652
+00432
+16924
-00255
-00204
-00228
-00904
+00460
+16444
-00317
-00322
-00233
-00488
+00588
+17184
-00400
-00461
-00196
-00372
+00532
+16636
-00465
-00576
-00157
-01304
+00116
+23152
-00510
-00673
-00128
-00252
+00572
+18280
-00433
-00679
-00107
-00132
+00680
+16676
-00347
-00509
-00102
-00316
+00540
+16700
-00293
-00376
-00132
-00440
+00456
+16676
-00227
-00330
-00187
-00324
+00532
+16816
-00197
-00389
-00234
-00396
+00640
+16668
-00180
-00568
-00271
-00580
+00560
+16592
-00145
-00801
-00306
-00288
+00544
+16468
-00134
-01171
-00322
-00112
+00644
+16580
-00129
-01664
-00327
-00324
+00556
+16460
-00112
-02202
-00342
+00936
-00364
+25112
-00159
-02680
-00350
+00912
+01548
+17412
-00085
-02090
-00316
+00208
+00120
+21480
-00119
-01500
-00326
-00296
+00616
+18540
-00106
-01091
-00352
+00176
+00204
+18068
-00126
-00888
-00354
+00272
+00448
+17636
-00118
-00647
-00317
-00300
+00628
+17376
-00119
-00490
-00278
-00392
+00584
+17376
-00123
-00370
-00229
+00052
+00468
+16928
-00131
-00268
-00187
+00252
+00568
+16804
-00133
-00176
-00155
-00164
+00656
+16984
-00138
-00102
-00123
-00556
+00528
+16872
-00134
-00058
-00099
+00108
+00328
+16992
-00135
-00054
-00081
+00200
+00524
+16800
-00131
-00052
-00065
-00128
+00728
+16852
-00132
-00048
-00057
-00316
+00532
+16896
-00132
-00031
-00049
+00084
+00316
+16676
-00134
-00027
-00045
+00252
+00552
+16936
-00132
-00039
-00041
-00180
+00732
+16848
-00133
-00036
-00040
-00164
+00536
+16836
-00131
-00026
-00038
-00052
+00344
+16900
-00129
-00043
-00039
+00228
+00552
+16824
-00127
-00054
-00036
-00108
+00776
+16856
-00129
-00038
-00033
-00212
+00548
+16820
-00130
-00024
-00032
+00068
+00344
+16860
-00133
-00034
-00030
+00060
+00592
+16892
-00132
-00043
-00033
+00016
+00764
+16928
-00132
-00039
-00034
-00128
+00496
+16804
-00129
-00043
-00035
+00112
+00380
+17024
-00127
-00053
-00035
-00020
+00576
+16688
-00124
-00063
-00036
-00012
+00808
+16900
-00120
-00070
-00032
+01692
+03116
+24692
-00122
-00069
-00033
-01520
-00468
+20680
-00143
-00065
-00053
-00140
+00708
+18660
-00139
-00157
-00054
+00360
+00908
+18392
-00132
-00112
-00053
-00132
+00480
+16820
-00137
-00066
-00048
+00296
+00468
+16908
-00135
-00015
-00047